0 0.703128 0.110156 0.116326 0.117608
0 0.950389 0.046094 0.099222 0.092188
0 0.924731 0.620873 0.150538 0.154267
0 0.864064 0.817189 0.139062 0.118750
0 0.891403 0.126844 0.120314 0.121876
0 0.784372 0.265935 0.125309 0.111545
0 0.779688 0.181251 0.099999 0.096874
0 0.328122 0.826563 0.112498 0.112502
0 0.814046 0.509513 0.116094 0.115237
0 0.741488 0.468346 0.112498 0.110936
0 0.453910 0.775782 0.114064 0.114062
0 0.206249 0.923437 0.143753 0.137498
0 0.092968 0.835937 0.095316 0.093748
0 0.885154 0.240623 0.085934 0.087500
0 0.647811 0.055563 0.118748 0.111127
0 0.677456 0.269029 0.104951 0.115362
