0 0.823048 0.317702 0.146486 0.133779
0 0.945624 0.235705 0.104690 0.104688
0 0.731154 0.835456 0.085079 0.105172
0 0.936735 0.790373 0.107844 0.099343
0 0.923410 0.573798 0.110940 0.122811
0 0.306253 0.095314 0.098440 0.096875
0 0.048047 0.371876 0.096094 0.109375
0 0.386721 0.702346 0.151561 0.146872
0 0.436717 0.919140 0.173435 0.161720
0 0.159376 0.960938 0.124997 0.078124
0 0.818923 0.796501 0.120154 0.124013
0 0.903124 0.892185 0.115623 0.115623
0 0.753122 0.488282 0.109373 0.101562
0 0.845313 0.654686 0.128122 0.131250
0 0.847654 0.175000 0.114064 0.115623
0 0.401468 0.466266 0.137707 0.133110
0 0.746097 0.075782 0.114064 0.110936
0 0.883593 0.427344 0.120314 0.120310
0 0.953124 0.090627 0.093751 0.100001
0 0.747220 0.958595 0.117189 0.082811
0 0.788284 0.566408 0.114064 0.107815
0 0.132029 0.509374 0.095316 0.096875
0 0.851562 0.037502 0.118748 0.074999
0 0.183591 0.887498 0.079685 0.087500
0 0.364065 0.314065 0.084376 0.087500
0 0.268155 0.809252 0.119937 0.131017
0 0.803908 0.899221 0.082810 0.082813
0 0.755471 0.155001 0.098440 0.095314
