0 0.605455 0.263310 0.115594 0.135997
0 0.499221 0.382032 0.126563 0.118750
0 0.722658 0.399998 0.126563 0.140625
0 0.610204 0.496905 0.150561 0.131642
0 0.364842 0.712502 0.126563 0.126563
0 0.306690 0.840734 0.140780 0.133578
0 0.335016 0.931329 0.096874 0.104688
0 0.663484 0.808376 0.110548 0.126906
0 0.617968 0.928909 0.140628 0.110936
0 0.464066 0.773440 0.135937 0.106249
0 0.800002 0.239842 0.121873 0.120310
0 0.430078 0.606046 0.142955 0.125389
0 0.730467 0.111718 0.129688 0.126563
0 0.707811 0.290622 0.087500 0.090627
0 0.638544 0.694906 0.145703 0.134763
