0 0.477501 0.107048 0.089284 0.123002
0 0.739668 0.117173 0.134371 0.118750
0 0.888627 0.259314 0.155831 0.148857
0 0.608965 0.615672 0.120437 0.098000
0 0.703128 0.910156 0.116326 0.117608
0 0.863984 0.749048 0.135778 0.138983
0 0.950389 0.824999 0.099222 0.134377
0 0.627344 0.328909 0.135937 0.117189
0 0.805469 0.365623 0.129688 0.128124
0 0.946561 0.443515 0.106878 0.131250
0 0.874221 0.547654 0.117189 0.120310
0 0.891403 0.926844 0.120314 0.121876
0 0.650363 0.692455 0.122830 0.116390
0 0.860156 0.056251 0.110940 0.112502
0 0.532028 0.258591 0.114064 0.114062
0 0.779688 0.966407 0.099999 0.067186
0 0.959377 0.549998 0.081246 0.084374
0 0.665624 0.507031 0.124997 0.126563
0 0.579690 0.450780 0.112498 0.117189
0 0.647811 0.854095 0.118748 0.114062
0 0.806252 0.178127 0.090625 0.090627
0 0.689063 0.411717 0.109373 0.101562
0 0.618753 0.200002 0.109373 0.115623
0 0.774998 0.477342 0.115623 0.117189
0 0.564842 0.102345 0.123439 0.120310
