0 0.089668 0.117173 0.134371 0.118750
0 0.238627 0.259314 0.155831 0.148857
0 0.358593 0.613279 0.126563 0.126563
0 0.055646 0.910156 0.111291 0.117608
0 0.213984 0.749048 0.135778 0.138983
0 0.303123 0.824999 0.104690 0.134377
0 0.399968 0.840376 0.126861 0.115264
0 0.155469 0.365623 0.129688 0.128124
0 0.307966 0.443515 0.129688 0.131250
0 0.224221 0.547654 0.117189 0.120310
0 0.241403 0.926844 0.120314 0.121876
0 0.210156 0.056251 0.110940 0.112502
0 0.129688 0.966407 0.099999 0.067186
0 0.311721 0.549998 0.085934 0.084374
0 0.039061 0.507031 0.078123 0.126563
0 0.350001 0.921874 0.093750 0.093748
0 0.156252 0.178127 0.090625 0.090627
0 0.046875 0.411717 0.093750 0.101562
0 0.124998 0.477342 0.115623 0.117189
