0 0.610204 0.062613 0.150561 0.125226
0 0.364842 0.275002 0.126563 0.126563
0 0.306690 0.403234 0.140780 0.133578
0 0.335016 0.493829 0.096874 0.104688
0 0.450907 0.763045 0.133596 0.101154
0 0.548753 0.777671 0.156252 0.118750
0 0.290624 0.688279 0.110940 0.148438
0 0.663484 0.370876 0.110548 0.126906
0 0.617968 0.491409 0.140628 0.110936
0 0.340141 0.841627 0.131653 0.144186
0 0.448500 0.882294 0.123330 0.134361
0 0.596878 0.943749 0.128122 0.109375
0 0.464066 0.335940 0.135937 0.106249
0 0.430078 0.168546 0.142955 0.125389
0 0.608594 0.682814 0.148436 0.159373
0 0.044530 0.575783 0.089059 0.092187
0 0.638544 0.257406 0.145703 0.134763
