0 0.731154 0.044021 0.085079 0.088042
0 0.934372 0.296874 0.096874 0.096874
0 0.943359 0.453126 0.113283 0.110936
0 0.436717 0.119530 0.173435 0.162500
0 0.159376 0.183595 0.124997 0.123437
0 0.903124 0.092185 0.115623 0.115623
0 0.457815 0.672654 0.146878 0.142185
0 0.747220 0.176564 0.117189 0.118750
0 0.411581 0.315079 0.125019 0.125487
0 0.832814 0.610939 0.093750 0.093748
0 0.879279 0.697830 0.126143 0.120892
0 0.903124 0.567966 0.087500 0.089061
0 0.183591 0.087498 0.079685 0.087500
0 0.803908 0.099221 0.082810 0.082813
