0 0.340623 0.057420 0.164060 0.114840
0 0.125001 0.264064 0.128122 0.128124
0 0.396252 0.344876 0.156252 0.134377
0 0.528906 0.285156 0.128122 0.170313
0 0.266405 0.586720 0.099999 0.106249
0 0.794531 0.935938 0.137503 0.128124
0 0.508591 0.959375 0.118748 0.081250
0 0.705472 0.441408 0.165626 0.146872
0 0.870315 0.261721 0.121873 0.117189
0 0.266405 0.943749 0.123439 0.112502
0 0.712498 0.657810 0.099999 0.106249
0 0.911191 0.862048 0.133436 0.127205
0 0.146874 0.804688 0.099999 0.103128
0 0.950002 0.362499 0.099996 0.121876
0 0.889847 0.553905 0.123439 0.126563
0 0.427341 0.482815 0.151561 0.140625
