0 0.055646 0.110156 0.111291 0.117608
0 0.303123 0.046094 0.104690 0.092188
0 0.399968 0.049004 0.126861 0.098009
0 0.589063 0.535156 0.120314 0.120310
0 0.450001 0.558592 0.112498 0.114062
0 0.359325 0.426205 0.138903 0.130701
0 0.460158 0.333594 0.118748 0.100001
0 0.679999 0.758594 0.158731 0.154686
0 0.469344 0.704279 0.155172 0.144828
0 0.281518 0.620873 0.164111 0.154267
0 0.351560 0.907810 0.150002 0.110936
0 0.214064 0.817189 0.139062 0.118750
0 0.412503 0.205470 0.121873 0.126563
0 0.241403 0.126844 0.120314 0.121876
0 0.134372 0.265935 0.125309 0.111545
0 0.129688 0.181251 0.099999 0.096874
0 0.164046 0.509513 0.116094 0.115237
0 0.091488 0.468346 0.112498 0.110936
0 0.725000 0.656250 0.093750 0.093748
0 0.860155 0.741406 0.095316 0.095314
0 0.747656 0.899219 0.114064 0.114062
0 0.350001 0.121874 0.093750 0.093748
0 0.462231 0.960937 0.120314 0.078126
0 0.235154 0.240623 0.085934 0.087500
0 0.039966 0.269029 0.079931 0.115362
