0 0.108595 0.491409 0.120314 0.148438
0 0.131252 0.688279 0.120314 0.128124
0 0.796091 0.102345 0.124997 0.125003
0 0.842970 0.371876 0.106249 0.109375
0 0.560937 0.293750 0.114064 0.100001
0 0.750003 0.256248 0.109373 0.107815
0 0.476562 0.346091 0.096874 0.098435
0 0.307811 0.511718 0.124997 0.126563
0 0.172657 0.247656 0.110940 0.114062
0 0.653904 0.530466 0.089059 0.089061
0 0.576561 0.189845 0.103124 0.098435
0 0.624999 0.418747 0.093750 0.096875
0 0.494535 0.238282 0.101565 0.098435
0 0.619532 0.329686 0.079685 0.078126
0 0.932029 0.509374 0.095316 0.096875
0 0.492969 0.524219 0.110940 0.104688
0 0.971874 0.887498 0.056252 0.087500
0 0.784578 0.660156 0.100144 0.098435
