0 0.048146 0.317702 0.096291 0.133779
0 0.253910 0.356249 0.140628 0.118750
0 0.145624 0.235705 0.104690 0.104688
0 0.231253 0.721094 0.110940 0.134377
0 0.342969 0.516405 0.126563 0.110936
0 0.324220 0.877346 0.089059 0.118750
0 0.398439 0.940628 0.089059 0.096874
0 0.136735 0.790373 0.107844 0.099343
0 0.123410 0.573798 0.110940 0.122811
0 0.324612 0.210437 0.117189 0.123437
0 0.314063 0.074216 0.121873 0.123437
0 0.334769 0.719767 0.114064 0.123437
0 0.340627 0.409373 0.109373 0.112502
0 0.039500 0.796501 0.079000 0.124013
0 0.103124 0.892185 0.115623 0.115623
0 0.054687 0.654686 0.109374 0.131250
0 0.052343 0.175000 0.104687 0.115623
0 0.202340 0.517188 0.104690 0.106249
0 0.083593 0.427344 0.120314 0.120310
0 0.155469 0.090627 0.098440 0.100001
0 0.255468 0.814064 0.095316 0.090627
0 0.253127 0.463280 0.081251 0.082813
0 0.217189 0.948439 0.121873 0.103122
0 0.227346 0.197659 0.098440 0.092187
0 0.055468 0.037502 0.110936 0.074999
