0 0.324220 0.077346 0.089059 0.118750
0 0.398439 0.140628 0.089059 0.096874
0 0.134372 0.296874 0.096874 0.096874
0 0.160936 0.453126 0.148436 0.110936
0 0.203595 0.600064 0.119922 0.122061
0 0.659373 0.941407 0.159377 0.117186
0 0.103124 0.092185 0.115623 0.115623
0 0.335936 0.724218 0.134372 0.135937
0 0.295032 0.401954 0.132813 0.137498
0 0.255468 0.029689 0.095316 0.059378
0 0.298780 0.254032 0.155092 0.135078
0 0.343752 0.555471 0.131247 0.129690
0 0.039844 0.610939 0.079689 0.093748
0 0.079279 0.697830 0.126143 0.120892
0 0.217189 0.157033 0.121873 0.120310
0 0.892968 0.835937 0.095316 0.093748
0 0.103124 0.567966 0.087500 0.089061
