0 0.877938 0.159140 0.134843 0.140201
0 0.832140 0.288079 0.140860 0.128907
0 0.802016 0.398330 0.126969 0.112953
0 0.885935 0.489843 0.148436 0.120310
0 0.864061 0.596875 0.092191 0.106249
0 0.949586 0.726326 0.100827 0.106249
0 0.117188 0.806251 0.139062 0.121876
0 0.954687 0.337501 0.090626 0.112502
0 0.270315 0.932813 0.134372 0.134374
0 0.091922 0.947134 0.168831 0.105732
0 0.174999 0.277346 0.112498 0.104688
0 0.709158 0.222623 0.150452 0.135889
0 0.561722 0.044531 0.114064 0.089062
0 0.544684 0.457811 0.126563 0.112502
0 0.299221 0.139065 0.107815 0.093748
0 0.381487 0.523045 0.148466 0.125454
