0 0.268343 0.258889 0.128847 0.145736
0 0.060938 0.451344 0.121875 0.158248
0 0.569530 0.398437 0.142187 0.134377
0 0.604294 0.593187 0.137409 0.155110
0 0.704684 0.288279 0.114064 0.128124
0 0.957774 0.716221 0.084453 0.134377
0 0.869781 0.360424 0.152815 0.159455
0 0.856753 0.658594 0.150002 0.157813
0 0.437123 0.536202 0.160529 0.148623
0 0.656972 0.709642 0.162668 0.137906
0 0.945313 0.521096 0.109375 0.154686
0 0.157034 0.214846 0.107815 0.101562
0 0.159441 0.360516 0.184237 0.174174
0 0.499169 0.255203 0.167294 0.154159
0 0.367451 0.384767 0.182954 0.182624
0 0.746872 0.421873 0.146878 0.146872
