0 0.077938 0.159140 0.134843 0.140201
0 0.051285 0.288079 0.102570 0.128907
0 0.085935 0.489843 0.148436 0.120310
0 0.241860 0.465625 0.135278 0.128124
0 0.398439 0.486717 0.134372 0.128124
0 0.064061 0.596875 0.092191 0.106249
0 0.189189 0.646014 0.127593 0.117173
0 0.163234 0.726326 0.128122 0.106249
0 0.219189 0.797780 0.136967 0.122311
0 0.340859 0.936436 0.119625 0.094721
0 0.383590 0.799221 0.120314 0.114062
0 0.360623 0.653202 0.134372 0.134377
0 0.505217 0.646313 0.119451 0.134377
0 0.167968 0.337501 0.117189 0.112502
0 0.306247 0.335157 0.118748 0.114062
0 0.216406 0.218751 0.123439 0.121876
0 0.497502 0.876439 0.108127 0.112268
0 0.545454 0.761001 0.112564 0.125688
