0 0.175704 0.716221 0.120314 0.134377
0 0.073095 0.360424 0.146189 0.159455
0 0.914530 0.292188 0.170941 0.178127
0 0.786908 0.263283 0.152736 0.120310
0 0.927705 0.536392 0.144590 0.172140
0 0.470315 0.542971 0.150002 0.151565
0 0.325018 0.473529 0.156796 0.134546
0 0.592376 0.475062 0.180873 0.197017
0 0.455032 0.366405 0.152939 0.157579
0 0.404891 0.701420 0.137503 0.135937
0 0.065877 0.658594 0.131754 0.157813
0 0.174218 0.521096 0.167185 0.154686
0 0.747657 0.608591 0.167185 0.173440
0 0.811000 0.426283 0.181127 0.177562
