0 0.406173 0.218031 0.147827 0.151701
0 0.547657 0.327341 0.132813 0.149999
0 0.114063 0.391406 0.109373 0.149999
0 0.398140 0.404717 0.151815 0.160390
0 0.235986 0.296859 0.134451 0.135905
0 0.701560 0.764065 0.126563 0.132811
0 0.682753 0.584611 0.153265 0.175468
0 0.832749 0.701876 0.185093 0.191188
0 0.238488 0.481532 0.127201 0.131827
0 0.270315 0.135158 0.134372 0.139064
0 0.091922 0.173204 0.168831 0.157872
0 0.694346 0.434172 0.131174 0.134627
0 0.932813 0.770313 0.103124 0.103128
0 0.821873 0.867970 0.115623 0.123437
0 0.558423 0.510063 0.152344 0.150950
0 0.831530 0.533471 0.146435 0.162734
