0 0.203499 0.379971 0.170360 0.153517
0 0.096641 0.171845 0.162016 0.150048
0 0.229701 0.045313 0.156252 0.090625
0 0.282814 0.175782 0.143753 0.168747
0 0.458591 0.058592 0.156252 0.117185
0 0.146094 0.949217 0.129688 0.101566
0 0.135937 0.719532 0.137503 0.137498
0 0.494529 0.465622 0.189065 0.176561
0 0.692969 0.461718 0.156252 0.168747
0 0.839063 0.634375 0.176559 0.189062
0 0.464847 0.771096 0.129688 0.123437
0 0.657030 0.644532 0.150002 0.195315
0 0.101361 0.054242 0.124997 0.108485
0 0.090624 0.517969 0.131247 0.132811
0 0.203905 0.835155 0.145312 0.135937
0 0.307812 0.621874 0.146878 0.143751
