0 0.063671 0.634375 0.127343 0.189062
0 0.852347 0.157033 0.131247 0.139064
0 0.850781 0.315623 0.157811 0.114062
0 0.528909 0.350782 0.095316 0.095314
0 0.421095 0.410937 0.099999 0.085940
0 0.663281 0.489063 0.089059 0.082813
0 0.746091 0.943749 0.129688 0.112501
0 0.542518 0.491858 0.120314 0.120310
0 0.614061 0.603126 0.093750 0.096874
0 0.815625 0.765626 0.115623 0.125003
0 0.707035 0.706248 0.098440 0.096874
0 0.474998 0.713279 0.096874 0.092187
0 0.410938 0.539844 0.124997 0.126563
0 0.703127 0.128905 0.124997 0.123437
0 0.332028 0.858596 0.117189 0.114062
0 0.654690 0.871874 0.140628 0.118750
0 0.270309 0.493750 0.090625 0.090627
0 0.546875 0.056250 0.109373 0.112500
0 0.796877 0.446096 0.121873 0.114062
0 0.957031 0.464062 0.085938 0.118750
0 0.903125 0.729689 0.099999 0.109375
