0 0.107749 0.388846 0.173188 0.177502
0 0.823439 0.154685 0.160935 0.123437
0 0.543749 0.337499 0.160935 0.145312
0 0.354691 0.445314 0.151561 0.123437
0 0.478644 0.773391 0.119828 0.121767
0 0.562497 0.742185 0.112498 0.123437
0 0.430468 0.596096 0.129688 0.123437
0 0.586720 0.181253 0.151561 0.178127
0 0.908315 0.466765 0.142093 0.129690
0 0.801639 0.568435 0.146878 0.126014
0 0.688278 0.646094 0.115623 0.100001
0 0.632032 0.503310 0.164060 0.152767
0 0.941408 0.604687 0.117183 0.131250
0 0.736722 0.756252 0.120314 0.118750
0 0.405470 0.696874 0.132813 0.118750
0 0.947656 0.945312 0.104688 0.109377
0 0.731111 0.298969 0.158862 0.156703
0 0.190623 0.169529 0.140628 0.139064
0 0.720316 0.958594 0.118748 0.082812
