0 0.924218 0.547655 0.151564 0.195315
0 0.792967 0.710155 0.175001 0.195315
0 0.920356 0.800983 0.156361 0.157187
0 0.399219 0.140077 0.104690 0.098435
0 0.483595 0.095310 0.129688 0.137498
0 0.603908 0.058594 0.123439 0.117188
0 0.600784 0.267189 0.117189 0.129690
0 0.731247 0.192967 0.143753 0.137498
0 0.930468 0.329688 0.139065 0.176561
0 0.940625 0.163279 0.118750 0.129690
0 0.267327 0.521294 0.146327 0.128532
0 0.272656 0.771093 0.157811 0.139064
0 0.123436 0.646096 0.124997 0.118750
0 0.371096 0.940626 0.124997 0.118748
0 0.119528 0.871094 0.148436 0.145312
0 0.790501 0.328127 0.142187 0.137498
0 0.057809 0.533594 0.109373 0.104688
0 0.594534 0.403904 0.120314 0.123437
0 0.466064 0.300450 0.139330 0.146872
0 0.249797 0.337393 0.122967 0.131343
0 0.039064 0.318748 0.078127 0.096874
0 0.256546 0.623471 0.121300 0.119076
0 0.156250 0.217969 0.112498 0.101562
0 0.095313 0.384373 0.124997 0.125003
0 0.124219 0.069531 0.104690 0.101562
