0 0.425003 0.111718 0.167185 0.134377
0 0.051954 0.154685 0.103907 0.123437
0 0.233972 0.160471 0.150735 0.135002
0 0.533593 0.575781 0.164060 0.148438
0 0.878903 0.456249 0.182816 0.170313
0 0.605013 0.786109 0.197077 0.190487
0 0.108315 0.466765 0.142093 0.129690
0 0.228121 0.783592 0.123439 0.143751
0 0.143753 0.604687 0.121873 0.131250
0 0.439655 0.676718 0.135263 0.131919
0 0.157811 0.945312 0.124997 0.109377
0 0.661186 0.466830 0.152968 0.159107
0 0.939064 0.100783 0.121872 0.151565
0 0.952344 0.281248 0.095312 0.121876
0 0.621093 0.055469 0.170310 0.110938
0 0.258593 0.307033 0.095316 0.098435
