0 0.435934 0.100002 0.150002 0.176561
0 0.292189 0.155470 0.150002 0.143751
0 0.230469 0.350779 0.143753 0.168747
0 0.192124 0.519233 0.115768 0.104112
0 0.096641 0.948411 0.162016 0.103179
0 0.229701 0.822656 0.156252 0.135937
0 0.282814 0.945704 0.143753 0.108592
0 0.458591 0.855466 0.156252 0.123437
0 0.682811 0.171875 0.176559 0.176561
0 0.855470 0.152343 0.182816 0.162500
0 0.587075 0.560330 0.248392 0.232252
0 0.660155 0.389842 0.143753 0.168747
0 0.821090 0.367190 0.117189 0.106249
0 0.837497 0.587501 0.159377 0.153125
0 0.041406 0.753127 0.082812 0.137498
0 0.101361 0.846766 0.124997 0.123437
0 0.824215 0.754688 0.145312 0.128124
0 0.307812 0.617190 0.159377 0.156252
0 0.118174 0.721296 0.110940 0.107815
0 0.416403 0.741404 0.148436 0.142185
0 0.391405 0.393752 0.139062 0.131250
0 0.135154 0.614063 0.139062 0.131250
