0 0.923436 0.646096 0.124997 0.118750
0 0.789485 0.814669 0.129311 0.126188
0 0.919528 0.871094 0.148436 0.145312
0 0.857809 0.533594 0.109373 0.104688
0 0.787781 0.219861 0.130688 0.127221
0 0.828128 0.318748 0.099999 0.096874
0 0.776703 0.714125 0.109373 0.107815
0 0.950000 0.217969 0.099999 0.101562
0 0.895313 0.384373 0.124997 0.125003
0 0.758593 0.589845 0.104690 0.098435
0 0.695315 0.164845 0.106249 0.101562
0 0.924219 0.069531 0.104690 0.101562
0 0.153907 0.134373 0.129688 0.128124
0 0.724221 0.053126 0.101565 0.100001
