0 0.832032 0.792968 0.160935 0.145312
0 0.425003 0.911718 0.167185 0.134377
0 0.476564 0.760936 0.193749 0.134377
0 0.233972 0.946485 0.150735 0.107031
0 0.713284 0.644530 0.193749 0.160939
0 0.940233 0.564060 0.119534 0.129690
0 0.082032 0.679689 0.164064 0.123437
0 0.409843 0.474516 0.158108 0.158438
0 0.546092 0.526563 0.140628 0.140625
0 0.746091 0.153904 0.129688 0.132811
0 0.939064 0.900783 0.121872 0.151565
0 0.583596 0.203908 0.114064 0.110936
0 0.332028 0.058596 0.117189 0.114062
0 0.621093 0.829688 0.170310 0.162500
0 0.654690 0.071874 0.140628 0.118750
0 0.114840 0.402344 0.126563 0.126563
