0 0.724222 0.048829 0.129688 0.097659
0 0.399219 0.940077 0.104690 0.098435
0 0.483595 0.895310 0.129688 0.137498
0 0.603908 0.852343 0.123439 0.129690
0 0.896641 0.171845 0.162016 0.150048
0 0.940625 0.949217 0.118750 0.101566
0 0.933592 0.719532 0.132815 0.137498
0 0.788421 0.441404 0.156252 0.156252
0 0.419534 0.717971 0.126563 0.132811
0 0.696049 0.591049 0.134016 0.133811
0 0.624970 0.432845 0.140628 0.143751
0 0.513029 0.521188 0.127049 0.142359
0 0.446330 0.425205 0.134611 0.132093
0 0.720684 0.250999 0.165626 0.164060
0 0.542189 0.310936 0.118748 0.112502
0 0.550780 0.759372 0.092191 0.093748
0 0.325109 0.620249 0.129905 0.126971
0 0.730472 0.802345 0.142187 0.145312
0 0.901361 0.054242 0.124997 0.108485
0 0.890624 0.517969 0.131247 0.132811
0 0.647655 0.723436 0.092191 0.093748
0 0.786717 0.691404 0.126563 0.123437
0 0.124219 0.869531 0.104690 0.101562
0 0.048438 0.562502 0.096876 0.103128
0 0.613283 0.224219 0.110940 0.107815
