0 0.724222 0.845314 0.129688 0.104688
0 0.896641 0.948411 0.162016 0.103179
0 0.096097 0.551564 0.139062 0.139064
0 0.302076 0.489283 0.158173 0.180139
0 0.491722 0.618750 0.192799 0.160939
0 0.817189 0.753127 0.131247 0.137498
0 0.086722 0.710938 0.120314 0.121876
0 0.081249 0.329687 0.124997 0.118750
0 0.901361 0.846766 0.124997 0.123437
0 0.305469 0.732030 0.117189 0.117189
0 0.918174 0.721296 0.110940 0.107815
0 0.253124 0.305469 0.143753 0.132811
0 0.137501 0.064060 0.112498 0.112502
0 0.932811 0.614063 0.134378 0.131250
