0 0.402342 0.452346 0.156252 0.173440
0 0.583592 0.728125 0.123439 0.115623
0 0.896097 0.551564 0.139062 0.139064
0 0.345503 0.624454 0.134734 0.133279
0 0.886722 0.710938 0.120314 0.121876
0 0.464845 0.763279 0.117189 0.129690
0 0.068531 0.709845 0.124997 0.128124
0 0.881249 0.329687 0.124997 0.118750
0 0.053907 0.211721 0.107815 0.123437
0 0.256248 0.755471 0.131247 0.126563
0 0.498434 0.525002 0.131247 0.125003
0 0.264063 0.055470 0.121872 0.110939
0 0.710939 0.550781 0.118748 0.120310
0 0.204686 0.321873 0.099999 0.096874
0 0.160156 0.884377 0.117189 0.115623
0 0.275779 0.243747 0.101565 0.103128
0 0.937501 0.064060 0.112498 0.112502
0 0.545610 0.434234 0.126563 0.118750
0 0.172300 0.543908 0.134372 0.135937
