0 0.375783 0.132032 0.123439 0.146872
0 0.335938 0.283591 0.118748 0.118750
0 0.584373 0.210158 0.114064 0.123437
0 0.574999 0.555466 0.160935 0.151565
0 0.496873 0.311719 0.128122 0.137498
0 0.439236 0.406326 0.091894 0.111251
0 0.607812 0.373435 0.114064 0.137498
0 0.352344 0.853909 0.123439 0.132811
0 0.411722 0.725780 0.156252 0.142185
0 0.539061 0.903124 0.156252 0.146872
0 0.058985 0.157033 0.117970 0.139064
0 0.064843 0.315623 0.129686 0.114062
0 0.967187 0.257812 0.065626 0.064065
0 0.901561 0.192187 0.099999 0.076560
0 0.036718 0.765626 0.073437 0.125003
0 0.321872 0.442187 0.128122 0.131250
0 0.260654 0.583529 0.134923 0.135812
0 0.176561 0.464062 0.124997 0.118750
0 0.103125 0.729689 0.099999 0.109375
