0 0.135937 0.547655 0.175001 0.195315
0 0.120356 0.800983 0.156361 0.157187
0 0.420470 0.588469 0.158123 0.179329
0 0.152343 0.329688 0.182816 0.176561
0 0.146094 0.163279 0.129688 0.129690
0 0.823439 0.946483 0.160935 0.107033
0 0.586720 0.946095 0.151561 0.107811
0 0.653905 0.739061 0.145312 0.123437
0 0.856253 0.679689 0.215622 0.123437
0 0.203905 0.051562 0.145312 0.103124
0 0.524217 0.376314 0.212498 0.232812
0 0.190623 0.949999 0.140628 0.100003
0 0.293784 0.398483 0.189624 0.205451
0 0.914840 0.402344 0.126563 0.126563
