0 0.660155 0.721092 0.195315 0.246873
0 0.814674 0.748312 0.175001 0.201563
0 0.445439 0.722000 0.215376 0.220529
0 0.435934 0.900002 0.150002 0.176561
0 0.292189 0.941797 0.150002 0.116406
0 0.682811 0.941797 0.176559 0.116406
0 0.855470 0.935547 0.182816 0.128907
0 0.040623 0.580467 0.081246 0.089061
0 0.194531 0.550784 0.104690 0.107815
0 0.287498 0.695313 0.099999 0.100001
0 0.763279 0.270312 0.098440 0.100001
0 0.773436 0.423438 0.103124 0.118750
0 0.838389 0.098688 0.092191 0.096874
0 0.567971 0.428908 0.117189 0.117189
0 0.552340 0.554688 0.101565 0.106249
0 0.856253 0.413280 0.087500 0.092187
0 0.675779 0.113283 0.092191 0.085940
