0 0.807972 0.576985 0.128470 0.125264
0 0.577342 0.810156 0.123439 0.131250
0 0.386717 0.071876 0.179684 0.143752
0 0.270312 0.214064 0.140628 0.112502
0 0.043363 0.432815 0.086727 0.139064
0 0.052343 0.234373 0.104685 0.142185
0 0.868531 0.709845 0.124997 0.128124
0 0.844533 0.211721 0.126563 0.123437
0 0.689064 0.567186 0.109374 0.109375
0 0.950781 0.884377 0.098438 0.115623
0 0.778906 0.841405 0.114064 0.114062
0 0.772657 0.494530 0.101565 0.092187
0 0.952557 0.543908 0.094886 0.135937
0 0.659376 0.672658 0.090625 0.089061
