0 0.853907 0.573440 0.090625 0.095314
0 0.521095 0.040235 0.095316 0.080471
0 0.548435 0.117968 0.123439 0.095314
0 0.610937 0.208595 0.093750 0.079687
0 0.116096 0.219138 0.063408 0.069513
0 0.042189 0.178123 0.084377 0.073439
0 0.065628 0.108594 0.092191 0.081253
0 0.664841 0.140626 0.070310 0.085940
0 0.700779 0.239844 0.075001 0.082813
0 0.736717 0.144530 0.070310 0.078126
0 0.685938 0.061717 0.092191 0.089061
0 0.159378 0.148190 0.069999 0.067284
0 0.825342 0.707436 0.099311 0.081312
0 0.938282 0.643752 0.085934 0.087500
0 0.921875 0.735940 0.079685 0.081253
0 0.215095 0.208888 0.069535 0.066234
0 0.220314 0.292185 0.073435 0.062499
0 0.949998 0.804686 0.099999 0.100001
0 0.763282 0.639843 0.104690 0.098435
0 0.295316 0.943750 0.084376 0.074999
0 0.032814 0.503122 0.065628 0.074999
0 0.320314 0.880469 0.068752 0.067186
0 0.384375 0.960938 0.071877 0.074999
