0 0.820313 0.818752 0.173435 0.139064
0 0.710940 0.392186 0.132813 0.123437
0 0.682810 0.160940 0.124997 0.125003
0 0.603763 0.933235 0.164060 0.133531
0 0.073440 0.762501 0.134372 0.128124
0 0.169532 0.653126 0.179684 0.168747
0 0.060852 0.927502 0.121704 0.120310
0 0.122653 0.480469 0.154686 0.157813
0 0.447656 0.873437 0.139062 0.146872
0 0.482812 0.615624 0.146878 0.140625
0 0.847653 0.554686 0.135937 0.128124
0 0.181878 0.901734 0.160935 0.171874
0 0.638281 0.772659 0.154686 0.139064
0 0.332809 0.560939 0.140628 0.137498
0 0.818747 0.272659 0.121873 0.120310
0 0.939844 0.703907 0.120313 0.126563
0 0.328126 0.783593 0.150002 0.151565
0 0.167966 0.271093 0.129688 0.129690
0 0.915752 0.168063 0.119002 0.142375
0 0.819530 0.093749 0.126563 0.131250
