0 0.043298 0.435561 0.086595 0.130500
0 0.696092 0.217969 0.139062 0.151565
0 0.796091 0.393753 0.121873 0.118750
0 0.576561 0.752345 0.123439 0.128124
0 0.392766 0.738920 0.145312 0.132811
0 0.694062 0.542968 0.177516 0.170313
0 0.557595 0.626456 0.126563 0.131468
0 0.636722 0.348436 0.154686 0.143751
0 0.466405 0.048438 0.117189 0.096876
0 0.205470 0.375966 0.151561 0.170689
0 0.251362 0.085158 0.165626 0.167187
0 0.367972 0.311717 0.123439 0.129690
0 0.550780 0.260936 0.107815 0.106249
0 0.404671 0.581705 0.140628 0.142185
0 0.462497 0.216408 0.115623 0.110936
0 0.051563 0.556252 0.103125 0.149999
0 0.471095 0.340623 0.104690 0.100001
0 0.075000 0.275780 0.150000 0.151565
0 0.357814 0.857033 0.118748 0.110936
0 0.343749 0.963281 0.106249 0.073438
0 0.262499 0.212499 0.134372 0.121876
0 0.443748 0.956249 0.099999 0.087502
