0 0.892185 0.062109 0.146878 0.124218
0 0.405471 0.293751 0.162502 0.154686
0 0.593891 0.213406 0.139062 0.135937
0 0.217189 0.307029 0.160935 0.157813
0 0.361717 0.475782 0.153127 0.135937
0 0.183106 0.546953 0.151547 0.152968
0 0.700778 0.389842 0.140628 0.121876
0 0.382032 0.834374 0.154686 0.146872
0 0.735157 0.497657 0.132813 0.132811
0 0.046875 0.671875 0.093750 0.118750
0 0.463282 0.703124 0.095316 0.100001
0 0.325779 0.647656 0.185941 0.160939
0 0.779687 0.179688 0.115623 0.115623
0 0.169534 0.160940 0.107815 0.112502
0 0.589860 0.600937 0.134372 0.143751
0 0.514127 0.548688 0.143876 0.162984
0 0.855471 0.316409 0.139062 0.151565
0 0.042188 0.842971 0.084376 0.120310
0 0.718751 0.614063 0.093750 0.087500
