0 0.896877 0.158596 0.140628 0.126563
0 0.092185 0.062109 0.146878 0.124218
0 0.563283 0.494530 0.079685 0.078126
0 0.710153 0.691406 0.087500 0.089061
0 0.659374 0.603123 0.095316 0.090627
0 0.558592 0.589844 0.099999 0.090627
0 0.587498 0.703124 0.106249 0.100001
0 0.878905 0.881251 0.126563 0.118750
0 0.503122 0.857810 0.073435 0.078126
0 0.507813 0.707811 0.060936 0.070312
0 0.514063 0.780467 0.062502 0.060938
0 0.772656 0.974610 0.067186 0.050780
0 0.749216 0.819530 0.056253 0.067186
0 0.721877 0.888282 0.060936 0.067186
0 0.226564 0.295311 0.118748 0.112502
0 0.429049 0.973063 0.075893 0.053874
0 0.062501 0.316409 0.125002 0.151565
0 0.803128 0.326561 0.128122 0.121876
0 0.599997 0.796877 0.099999 0.090627
0 0.481249 0.955467 0.078126 0.079687
