0 0.603860 0.390612 0.131283 0.120810
0 0.730467 0.378128 0.126563 0.110936
0 0.706999 0.240189 0.127622 0.140625
0 0.392189 0.034765 0.118748 0.069530
0 0.028514 0.740624 0.057029 0.081253
0 0.248436 0.223969 0.114064 0.122936
0 0.228905 0.081251 0.126563 0.118750
0 0.024998 0.940626 0.049996 0.085940
0 0.086717 0.944530 0.070310 0.078126
0 0.041017 0.861717 0.082034 0.089061
0 0.409372 0.862500 0.084375 0.082813
0 0.354685 0.776560 0.084375 0.076560
0 0.496872 0.831251 0.068752 0.064065
0 0.411829 0.161623 0.156252 0.135937
0 0.122656 0.182812 0.067186 0.067186
0 0.099216 0.026561 0.056253 0.053123
0 0.071877 0.088282 0.060936 0.067186
0 0.523436 0.048439 0.168751 0.096878
0 0.023439 0.217971 0.046879 0.070312
0 0.555843 0.279002 0.150002 0.143751
0 0.356251 0.260156 0.096875 0.095314
0 0.709891 0.085998 0.154157 0.156486
0 0.150249 0.242701 0.073435 0.070312
