0 0.203907 0.573440 0.090625 0.095314
0 0.903126 0.500779 0.103124 0.095314
0 0.852347 0.632029 0.092191 0.087500
0 0.713002 0.600312 0.086935 0.078751
0 0.670966 0.695517 0.087624 0.078893
0 0.024998 0.140626 0.049996 0.085940
0 0.050779 0.239844 0.075001 0.082813
0 0.086717 0.144530 0.070310 0.078126
0 0.041017 0.061717 0.082034 0.089061
0 0.409372 0.062500 0.084375 0.082813
0 0.496872 0.031642 0.068752 0.063283
0 0.175342 0.707436 0.099311 0.081312
0 0.288282 0.643752 0.085934 0.087500
0 0.271875 0.735940 0.079685 0.081253
0 0.808970 0.737310 0.085347 0.083205
0 0.957029 0.675002 0.082809 0.082813
0 0.299998 0.804686 0.099999 0.100001
0 0.113282 0.639843 0.104690 0.098435
0 0.784378 0.867968 0.084375 0.082813
0 0.952404 0.584533 0.095185 0.095591
0 0.763280 0.792185 0.079685 0.074999
0 0.896093 0.727343 0.073435 0.073439
0 0.868753 0.819530 0.075001 0.073439
