0 0.953666 0.546953 0.092667 0.152968
0 0.053515 0.818752 0.107031 0.139064
0 0.503903 0.557812 0.151561 0.156252
0 0.189064 0.821873 0.121873 0.125003
0 0.828906 0.671875 0.129688 0.118750
0 0.057811 0.554686 0.115622 0.128124
0 0.039842 0.272659 0.079684 0.120310
0 0.142969 0.703907 0.126563 0.126563
0 0.957813 0.160940 0.084373 0.112502
0 0.221878 0.507814 0.112498 0.100001
0 0.195314 0.610159 0.118748 0.104688
0 0.204688 0.362503 0.134372 0.134377
0 0.115752 0.168063 0.119002 0.142375
0 0.823439 0.842971 0.121873 0.120310
0 0.463281 0.760935 0.117189 0.112502
0 0.041406 0.093749 0.082812 0.131250
