0 0.826559 0.667185 0.146878 0.125003
0 0.900002 0.471092 0.121872 0.117189
0 0.883595 0.329685 0.110939 0.125003
0 0.564066 0.530470 0.132813 0.098435
0 0.610154 0.628127 0.142187 0.118750
0 0.481249 0.370314 0.117189 0.112502
0 0.414846 0.446096 0.092191 0.100001
0 0.716403 0.435156 0.095316 0.096874
0 0.594530 0.310159 0.129688 0.123437
0 0.689846 0.942187 0.110939 0.103128
0 0.485157 0.167968 0.167185 0.173440
0 0.519529 0.810936 0.114064 0.106249
0 0.757815 0.251564 0.128122 0.128124
0 0.248437 0.089844 0.196874 0.179689
0 0.646092 0.142966 0.160936 0.173440
0 0.767972 0.831251 0.129688 0.118750
0 0.862498 0.554689 0.093750 0.084374
