0 0.778610 0.635501 0.121126 0.106064
0 0.912503 0.764842 0.156252 0.156252
0 0.624222 0.278904 0.096874 0.110936
0 0.739845 0.196096 0.114064 0.110936
0 0.627013 0.112984 0.121872 0.126563
0 0.859984 0.127502 0.123439 0.120310
0 0.758593 0.042969 0.101565 0.085938
0 0.813316 0.353126 0.143753 0.137498
0 0.906247 0.257812 0.143753 0.143751
0 0.589059 0.571093 0.112498 0.101562
0 0.950705 0.101734 0.098589 0.171874
0 0.511716 0.160154 0.114064 0.114062
0 0.776566 0.925782 0.134371 0.132811
0 0.863283 0.523439 0.154686 0.143751
0 0.702340 0.355469 0.107815 0.101562
0 0.780466 0.748438 0.126563 0.115623
0 0.599216 0.465622 0.123439 0.106249
0 0.505467 0.388279 0.114064 0.104688
