0 0.089502 0.684563 0.110940 0.110936
0 0.246877 0.947657 0.140628 0.104685
0 0.312171 0.739220 0.089059 0.104596
0 0.301484 0.535515 0.134060 0.127890
0 0.368750 0.624217 0.099999 0.103128
0 0.463108 0.818091 0.104690 0.120577
0 0.548441 0.951173 0.109374 0.097655
0 0.414845 0.954688 0.120314 0.090624
0 0.218747 0.689065 0.115623 0.118750
0 0.338264 0.872624 0.122141 0.120533
0 0.430955 0.697890 0.129347 0.130157
0 0.227455 0.809359 0.107394 0.116297
0 0.099999 0.400779 0.140628 0.129690
0 0.935156 0.050001 0.126563 0.100001
