0 0.260940 0.378128 0.140628 0.156252
0 0.112503 0.764842 0.156252 0.156252
0 0.746922 0.276484 0.154686 0.142185
0 0.643935 0.480314 0.180221 0.166328
0 0.820313 0.044142 0.173435 0.088284
0 0.700783 0.679686 0.137503 0.142185
0 0.603763 0.150062 0.164060 0.167187
0 0.060852 0.127502 0.121704 0.120310
0 0.584341 0.321202 0.161015 0.173657
0 0.447656 0.073437 0.139062 0.146872
0 0.466405 0.838281 0.117189 0.117189
0 0.340624 0.714845 0.134372 0.139064
0 0.928126 0.199217 0.143748 0.145312
0 0.106247 0.257812 0.143753 0.143751
0 0.181878 0.101734 0.160935 0.171874
0 0.846094 0.382032 0.145312 0.132811
0 0.251362 0.885158 0.165626 0.167187
0 0.203904 0.647659 0.167185 0.157813
0 0.317968 0.217188 0.145312 0.143751
0 0.070313 0.523439 0.140626 0.143751
0 0.575003 0.735154 0.159377 0.167187
