0 0.739502 0.684563 0.110940 0.110936
0 0.896877 0.947657 0.140628 0.104685
0 0.958821 0.739220 0.082359 0.104596
0 0.092185 0.857812 0.146878 0.132811
0 0.040624 0.678908 0.081249 0.157813
0 0.942227 0.535515 0.115546 0.127890
0 0.486846 0.566547 0.142158 0.146872
0 0.331044 0.642971 0.132813 0.135937
0 0.650000 0.490623 0.123439 0.118750
0 0.868747 0.689065 0.115623 0.118750
0 0.607515 0.673688 0.115623 0.121876
0 0.314847 0.765625 0.110940 0.100001
0 0.564842 0.367970 0.129688 0.135937
0 0.356252 0.468748 0.128122 0.131250
0 0.877455 0.809359 0.107394 0.116297
0 0.749999 0.400779 0.140628 0.129690
0 0.657033 0.587498 0.085934 0.084374
