0 0.613278 0.914064 0.073435 0.085940
0 0.625001 0.803122 0.084376 0.076560
0 0.775779 0.949217 0.085934 0.082813
0 0.793752 0.824998 0.104690 0.089061
0 0.553124 0.856252 0.089059 0.059377
0 0.838282 0.970702 0.092191 0.058596
0 0.865628 0.908594 0.092191 0.081253
0 0.775004 0.531247 0.065627 0.068752
0 0.884377 0.400780 0.064061 0.056251
0 0.932814 0.340625 0.065627 0.054685
0 0.959378 0.948190 0.069999 0.067284
0 0.382032 0.053905 0.154686 0.107810
0 0.162502 0.929686 0.124997 0.121876
0 0.067969 0.277343 0.123439 0.129690
0 0.693078 0.942187 0.082592 0.081253
0 0.169534 0.232033 0.132813 0.129690
0 0.366408 0.960936 0.104690 0.078128
0 0.689062 0.867187 0.075001 0.071873
0 0.234378 0.810936 0.128122 0.118750
