0 0.613278 0.114064 0.073435 0.085940
0 0.775779 0.149217 0.085934 0.082813
0 0.793752 0.034764 0.104690 0.069528
0 0.553124 0.056252 0.089059 0.059377
0 0.916096 0.219138 0.063408 0.069513
0 0.838282 0.178123 0.092191 0.073439
0 0.865628 0.108594 0.092191 0.081253
0 0.959378 0.148190 0.069999 0.067284
0 0.651565 0.320314 0.071877 0.070312
0 0.690628 0.427345 0.062502 0.062499
0 0.778128 0.264063 0.090625 0.084374
0 0.175001 0.971095 0.084376 0.057810
0 0.253127 0.916405 0.078126 0.079687
0 0.162502 0.129686 0.124997 0.121876
0 0.282032 0.850780 0.085934 0.085940
0 0.779687 0.412501 0.078126 0.081253
0 0.365625 0.920315 0.084376 0.081253
0 0.823441 0.503122 0.084376 0.074999
0 0.693078 0.142187 0.082592 0.081253
0 0.366408 0.178123 0.104690 0.112502
0 0.689062 0.067187 0.075001 0.071873
0 0.578905 0.376565 0.082810 0.081253
0 0.335153 0.289842 0.117189 0.117189
0 0.722658 0.534377 0.095316 0.084374
