0 0.664841 0.740624 0.084376 0.081253
0 0.521095 0.839064 0.095316 0.082813
0 0.548435 0.917968 0.123439 0.095314
0 0.042189 0.970702 0.084377 0.058596
0 0.065628 0.908594 0.092191 0.081253
0 0.898436 0.223969 0.114064 0.122936
0 0.878905 0.081251 0.126563 0.118750
0 0.503122 0.057810 0.073435 0.078126
0 0.591406 0.193747 0.073435 0.068752
0 0.521878 0.235937 0.067186 0.068752
0 0.451561 0.266409 0.062502 0.065625
0 0.348828 0.213143 0.080453 0.079393
0 0.485157 0.330468 0.078126 0.067186
0 0.378908 0.339064 0.071877 0.062499
0 0.223439 0.407033 0.070310 0.071873
0 0.664841 0.940626 0.070310 0.085940
0 0.736717 0.944530 0.070310 0.078126
0 0.685938 0.861717 0.092191 0.089061
0 0.606246 0.310159 0.081251 0.070312
0 0.772656 0.182812 0.067186 0.067186
0 0.749216 0.026561 0.056253 0.053123
0 0.721877 0.088282 0.060936 0.067186
0 0.084377 0.400780 0.064061 0.056251
0 0.132814 0.340625 0.065627 0.054685
0 0.159378 0.948190 0.069999 0.067284
0 0.536719 0.748845 0.101565 0.098435
0 0.429049 0.182312 0.075893 0.072373
0 0.660940 0.217971 0.071877 0.070312
0 0.388282 0.626561 0.098440 0.100001
0 0.800249 0.242701 0.073435 0.070312
0 0.421872 0.755468 0.096874 0.092187
0 0.481249 0.155467 0.078126 0.079687
