0 0.726562 0.289064 0.171876 0.148438
0 0.703906 0.441407 0.110939 0.126563
0 0.815563 0.435561 0.142064 0.130500
0 0.579685 0.623438 0.121872 0.131250
0 0.776566 0.125782 0.134371 0.132811
0 0.289844 0.537498 0.117189 0.112502
0 0.827345 0.556252 0.151561 0.149999
0 0.485935 0.548438 0.096874 0.096874
0 0.335157 0.644530 0.098441 0.095314
0 0.593750 0.501562 0.109374 0.106249
0 0.871874 0.275780 0.156252 0.151565
0 0.678125 0.601563 0.128122 0.137498
0 0.300002 0.411718 0.099999 0.092187
0 0.418749 0.446877 0.112498 0.093748
0 0.447655 0.320314 0.101565 0.100001
0 0.556253 0.430466 0.103124 0.098435
