0 0.482654 0.410456 0.124983 0.139358
0 0.451559 0.564065 0.134372 0.118750
0 0.339844 0.720312 0.148436 0.104688
0 0.392189 0.828904 0.118748 0.081253
0 0.659968 0.693423 0.160392 0.155861
0 0.351560 0.296877 0.110940 0.134377
0 0.246877 0.158596 0.140628 0.126563
0 0.463108 0.039190 0.104690 0.078380
0 0.548441 0.160157 0.109374 0.115623
0 0.060153 0.691406 0.087500 0.089061
0 0.228905 0.881251 0.126563 0.118750
0 0.411829 0.946827 0.156252 0.106346
0 0.122656 0.974610 0.067186 0.050780
0 0.099216 0.819530 0.056253 0.067186
0 0.071877 0.888282 0.060936 0.067186
0 0.633592 0.534376 0.167185 0.159373
0 0.523436 0.821096 0.168751 0.151565
0 0.414845 0.170314 0.120314 0.121876
0 0.338264 0.072624 0.122141 0.120533
0 0.451189 0.256531 0.111657 0.109952
0 0.709891 0.885998 0.154157 0.156486
0 0.153128 0.326561 0.128122 0.121876
