0 0.270425 0.569611 0.165409 0.156388
0 0.195670 0.804451 0.209721 0.215891
0 0.115123 0.627205 0.177110 0.168470
0 0.509530 0.743312 0.184846 0.171232
0 0.375753 0.888857 0.164923 0.161483
0 0.460940 0.531249 0.195315 0.171874
0 0.778904 0.760157 0.151561 0.142185
0 0.835939 0.632811 0.137504 0.140625
0 0.723434 0.950782 0.131247 0.098435
0 0.613285 0.469534 0.164060 0.148438
0 0.727342 0.628907 0.145312 0.142185
0 0.489752 0.903310 0.113876 0.119141
0 0.877344 0.891407 0.164060 0.173440
0 0.907548 0.729625 0.115514 0.127999
