0 0.315625 0.945312 0.132813 0.109376
0 0.071875 0.947657 0.143749 0.104686
0 0.232816 0.857032 0.154686 0.140625
0 0.879690 0.625780 0.134372 0.140625
0 0.872657 0.441405 0.140628 0.135937
0 0.940124 0.324782 0.119752 0.121876
0 0.500000 0.402342 0.151561 0.168747
0 0.228125 0.253127 0.150003 0.148438
0 0.064454 0.277345 0.128909 0.139064
0 0.083596 0.450780 0.135937 0.160939
0 0.376562 0.342970 0.132813 0.142185
0 0.409375 0.194532 0.160936 0.159373
0 0.610939 0.236716 0.143753 0.159373
0 0.822987 0.274126 0.145312 0.137498
0 0.342189 0.081253 0.165626 0.145312
0 0.248440 0.425783 0.184375 0.170313
0 0.143576 0.121311 0.146878 0.148438
0 0.818732 0.058595 0.162502 0.117189
0 0.383594 0.507031 0.126563 0.123437
0 0.738278 0.509173 0.142187 0.146872
0 0.946876 0.132811 0.106249 0.175000
0 0.604393 0.076408 0.131247 0.128124
0 0.775783 0.726564 0.110939 0.109375
0 0.721096 0.157813 0.117189 0.115623
0 0.642187 0.379690 0.146878 0.143751
