0 0.056641 0.084377 0.113283 0.118750
0 0.086330 0.233593 0.172660 0.162516
0 0.052975 0.371091 0.105949 0.110936
0 0.518753 0.185156 0.185941 0.185935
0 0.673845 0.262330 0.217920 0.194108
0 0.232030 0.107030 0.193749 0.178127
0 0.510938 0.471092 0.201564 0.178127
0 0.455468 0.650002 0.193749 0.148438
0 0.774997 0.497655 0.237503 0.201563
0 0.928516 0.749998 0.142969 0.171874
0 0.894528 0.888279 0.164060 0.118750
0 0.083202 0.852343 0.166403 0.176561
0 0.160937 0.728906 0.115623 0.120310
0 0.189059 0.614061 0.099999 0.096874
0 0.764064 0.092969 0.106249 0.101562
0 0.289842 0.721092 0.132813 0.129690
0 0.700779 0.942188 0.142187 0.115625
0 0.498439 0.934375 0.168751 0.131250
0 0.054686 0.660937 0.109371 0.118750
0 0.246878 0.468749 0.178125 0.168747
0 0.332029 0.291405 0.189065 0.185935
0 0.699344 0.694612 0.184375 0.176561
