0 0.131249 0.749998 0.148436 0.171874
0 0.094528 0.888279 0.164060 0.118750
0 0.288988 0.855518 0.154106 0.132561
0 0.239064 0.944140 0.140628 0.111721
0 0.242972 0.515626 0.178125 0.178127
0 0.424997 0.627344 0.140628 0.148438
0 0.485158 0.817189 0.126563 0.171874
0 0.637502 0.757812 0.164060 0.201563
0 0.906253 0.542188 0.128122 0.139064
0 0.765624 0.509372 0.096874 0.100001
0 0.278127 0.658594 0.150003 0.151565
0 0.489066 0.307032 0.124997 0.135937
0 0.337497 0.035937 0.093750 0.071874
0 0.247655 0.161720 0.101565 0.104688
0 0.726561 0.408594 0.093750 0.098435
0 0.416406 0.424221 0.114064 0.123437
0 0.875781 0.373435 0.104690 0.106249
0 0.742736 0.841343 0.153316 0.162908
