0 0.951953 0.427344 0.096094 0.140625
0 0.854689 0.316408 0.114064 0.151565
0 0.542968 0.327343 0.139062 0.132811
0 0.052346 0.632811 0.104691 0.140625
0 0.816409 0.085157 0.142187 0.129690
0 0.825001 0.684375 0.103124 0.100001
0 0.592971 0.853127 0.120314 0.121876
0 0.625002 0.432031 0.128122 0.123437
0 0.399998 0.167970 0.153127 0.148438
0 0.205466 0.446875 0.142187 0.131250
0 0.234372 0.224998 0.146878 0.143751
0 0.762498 0.375003 0.128122 0.115623
0 0.079687 0.891407 0.159374 0.173440
0 0.650000 0.758591 0.118748 0.114062
0 0.186718 0.626563 0.154686 0.137498
0 0.645578 0.282141 0.116160 0.123219
0 0.107548 0.729625 0.115514 0.127999
