0 0.055389 0.305657 0.110778 0.155251
0 0.067035 0.561138 0.130957 0.131158
0 0.217530 0.313764 0.118392 0.144018
0 0.080469 0.208592 0.093750 0.093748
0 0.166592 0.196891 0.098049 0.106232
0 0.101219 0.041609 0.098440 0.083217
0 0.314847 0.200779 0.104690 0.109375
0 0.392966 0.398437 0.093750 0.089061
0 0.196781 0.082111 0.121684 0.123295
0 0.354686 0.077342 0.118748 0.120310
0 0.575782 0.283592 0.139062 0.135937
0 0.057758 0.713861 0.115515 0.120767
0 0.097659 0.950783 0.095316 0.098434
0 0.892969 0.180470 0.135937 0.132811
0 0.421096 0.261717 0.110939 0.110936
0 0.453126 0.155468 0.099999 0.101562
0 0.335937 0.343752 0.106249 0.112502
0 0.557033 0.044531 0.107815 0.089063
0 0.892969 0.050780 0.095316 0.101561
0 0.205466 0.906251 0.085934 0.093748
