0 0.955078 0.357812 0.089843 0.140625
0 0.835935 0.340624 0.128122 0.128124
0 0.647217 0.337155 0.117233 0.124263
0 0.708596 0.252341 0.132813 0.126563
0 0.869531 0.176564 0.148436 0.162500
0 0.658592 0.048047 0.137503 0.096095
0 0.508597 0.051561 0.117189 0.103123
0 0.569534 0.178125 0.118748 0.129690
0 0.389059 0.041797 0.104690 0.083594
0 0.406249 0.184372 0.120314 0.132811
0 0.245313 0.241406 0.134372 0.123437
0 0.187502 0.388279 0.140628 0.143751
0 0.388284 0.348438 0.146878 0.140625
0 0.305967 0.126561 0.101565 0.103128
0 0.696872 0.837498 0.148436 0.170313
0 0.529687 0.754690 0.176559 0.140625
0 0.726561 0.664846 0.168751 0.137498
0 0.575783 0.916407 0.106249 0.114062
0 0.789063 0.063312 0.112498 0.109375
0 0.555469 0.407033 0.139062 0.132811
0 0.765624 0.435155 0.112498 0.117189
0 0.512498 0.263281 0.124997 0.129690
0 0.768749 0.540626 0.118748 0.115623
0 0.274219 0.498437 0.135937 0.131250
0 0.507814 0.966407 0.096874 0.067186
