0 0.204686 0.738281 0.104690 0.090627
0 0.335157 0.719532 0.109374 0.100001
0 0.446096 0.697657 0.085934 0.114062
0 0.543050 0.787202 0.101565 0.121234
0 0.649843 0.774250 0.095316 0.103062
0 0.455470 0.965233 0.085934 0.069533
0 0.587972 0.914532 0.110954 0.118690
0 0.802028 0.909095 0.097810 0.109533
0 0.891971 0.866378 0.090625 0.085940
0 0.971910 0.845721 0.056180 0.099718
0 0.839061 0.771096 0.085934 0.109375
0 0.085155 0.265626 0.123439 0.149999
0 0.504691 0.392190 0.178125 0.148438
0 0.632813 0.528127 0.106249 0.112502
0 0.764843 0.485155 0.107815 0.110936
0 0.742186 0.606248 0.118748 0.128124
0 0.539846 0.176560 0.167185 0.178127
0 0.523439 0.571094 0.099999 0.110936
0 0.378127 0.091409 0.159377 0.170313
0 0.178122 0.422656 0.137503 0.145312
0 0.707814 0.906251 0.112498 0.118750
0 0.157814 0.069530 0.153127 0.139060
0 0.318750 0.501565 0.156252 0.156252
0 0.449221 0.876562 0.139062 0.143751
0 0.767206 0.783282 0.096889 0.133453
0 0.910249 0.736813 0.083549 0.112502
