0 0.091971 0.428878 0.090625 0.085940
0 0.179000 0.408221 0.070361 0.099718
0 0.262078 0.357984 0.074653 0.115547
0 0.041014 0.333596 0.082028 0.109375
0 0.207029 0.250783 0.070310 0.123437
0 0.395311 0.889064 0.121873 0.137498
0 0.500784 0.815625 0.114064 0.134377
0 0.675002 0.414843 0.146878 0.148438
0 0.417184 0.696093 0.137503 0.139064
0 0.967966 0.153909 0.064067 0.117189
0 0.885158 0.070313 0.107815 0.115623
0 0.574220 0.938279 0.179684 0.120310
0 0.872659 0.449219 0.139062 0.145312
0 0.579686 0.285154 0.118748 0.135937
0 0.205470 0.853905 0.145312 0.142185
0 0.428125 0.469534 0.121873 0.126563
0 0.792191 0.297654 0.134372 0.139064
0 0.110249 0.299313 0.083549 0.112502
0 0.269531 0.710154 0.104690 0.110936
