0 0.252343 0.767970 0.109373 0.151565
0 0.349218 0.671873 0.124997 0.125003
0 0.415295 0.814906 0.154795 0.145312
0 0.557249 0.681720 0.165800 0.148281
0 0.664658 0.533733 0.135546 0.142468
0 0.510154 0.510156 0.135937 0.125003
0 0.267967 0.343752 0.089059 0.104688
0 0.398438 0.122658 0.109374 0.067186
0 0.513075 0.163314 0.096534 0.101904
0 0.633440 0.196532 0.120017 0.117890
0 0.747656 0.114844 0.089059 0.104688
0 0.393878 0.433313 0.155781 0.111860
0 0.666405 0.310154 0.104690 0.078126
0 0.606404 0.411139 0.113579 0.114639
0 0.837919 0.305657 0.145718 0.155251
0 0.794281 0.446592 0.140128 0.132610
0 0.867035 0.561138 0.130957 0.131158
0 0.880469 0.208592 0.093750 0.093748
0 0.958784 0.196891 0.082433 0.106232
0 0.901219 0.041609 0.098440 0.083217
0 0.193749 0.140624 0.151561 0.145312
0 0.298439 0.557033 0.143753 0.142185
0 0.041405 0.850000 0.082810 0.115623
0 0.430469 0.937500 0.126563 0.106249
0 0.722658 0.731250 0.110939 0.112502
0 0.585938 0.896094 0.112498 0.110936
0 0.855717 0.713861 0.119596 0.120767
0 0.375782 0.318751 0.107815 0.109375
0 0.897659 0.950783 0.095316 0.098434
0 0.324358 0.207423 0.132936 0.130484
0 0.374216 0.039845 0.101565 0.079691
0 0.049220 0.728124 0.098441 0.106249
0 0.771095 0.644533 0.101565 0.101562
