0 0.811080 0.366455 0.126563 0.156252
0 0.677346 0.205782 0.126563 0.126139
0 0.763092 0.170014 0.104690 0.118750
0 0.391812 0.275562 0.116312 0.133045
0 0.655465 0.375003 0.126563 0.110936
0 0.525002 0.189062 0.134372 0.140625
0 0.247653 0.320312 0.131247 0.112502
0 0.183592 0.192971 0.120314 0.143751
0 0.057765 0.154952 0.115529 0.124796
0 0.039844 0.304685 0.079689 0.123437
0 0.684262 0.537845 0.148843 0.143751
0 0.520311 0.317969 0.121873 0.139064
0 0.327831 0.139874 0.153221 0.160673
0 0.478123 0.045312 0.128122 0.090624
0 0.191408 0.429688 0.123439 0.131250
0 0.035172 0.427344 0.070343 0.114062
0 0.951563 0.635154 0.096874 0.126563
0 0.870580 0.239826 0.127607 0.123393
0 0.674221 0.687501 0.107815 0.121876
0 0.594529 0.074216 0.095316 0.101562
0 0.117972 0.517971 0.101565 0.101562
0 0.931462 0.472595 0.137076 0.145312
