0 0.252343 0.330470 0.109373 0.151565
0 0.349218 0.234373 0.124997 0.125003
0 0.415295 0.377406 0.154795 0.145312
0 0.557249 0.244220 0.165800 0.148281
0 0.664658 0.096233 0.135546 0.142468
0 0.510154 0.072656 0.135937 0.125003
0 0.867035 0.123638 0.130957 0.131158
0 0.298439 0.119533 0.143753 0.142185
0 0.041405 0.412500 0.082810 0.115623
0 0.551566 0.588283 0.131247 0.139064
0 0.430469 0.500000 0.126563 0.106249
0 0.722658 0.293750 0.110939 0.112502
0 0.585938 0.458594 0.112498 0.110936
0 0.855717 0.276361 0.119596 0.120767
0 0.897659 0.513284 0.095316 0.098435
0 0.398438 0.921096 0.128122 0.110936
0 0.049220 0.290624 0.098441 0.106249
0 0.771095 0.207033 0.101565 0.101562
0 0.051562 0.921096 0.103124 0.142185
