0 0.696872 0.061327 0.148436 0.122654
0 0.575783 0.116407 0.106249 0.114062
0 0.901562 0.495313 0.195315 0.162500
0 0.920702 0.664061 0.158595 0.131250
0 0.337497 0.826561 0.093750 0.090627
0 0.639061 0.317186 0.106249 0.103128
0 0.505465 0.317969 0.101565 0.104688
0 0.247655 0.954688 0.101565 0.090624
0 0.782814 0.303435 0.090625 0.085940
0 0.510156 0.451563 0.101565 0.109375
0 0.507814 0.180471 0.096874 0.095314
0 0.942858 0.358718 0.096903 0.091763
0 0.845309 0.365939 0.090625 0.085940
0 0.876564 0.397188 0.090625 0.085940
