0 0.398438 0.922658 0.109374 0.067186
0 0.489846 0.782034 0.104690 0.089061
0 0.634781 0.774954 0.117486 0.095640
0 0.513075 0.956181 0.096534 0.087638
0 0.747656 0.914844 0.089059 0.104688
0 0.901219 0.836343 0.098440 0.093748
0 0.879686 0.070312 0.173435 0.140623
0 0.919141 0.433593 0.161719 0.189062
0 0.758597 0.252345 0.196874 0.159373
0 0.592187 0.490627 0.178125 0.140625
0 0.357034 0.362498 0.106249 0.064065
0 0.422653 0.244531 0.120314 0.092187
0 0.497654 0.399217 0.150003 0.117189
0 0.193749 0.933984 0.151561 0.132032
0 0.166409 0.785938 0.128122 0.112502
0 0.913282 0.675002 0.135937 0.140625
0 0.133596 0.269533 0.139062 0.135937
0 0.477347 0.392186 0.132813 0.137498
0 0.503128 0.139060 0.115623 0.106249
0 0.562499 0.272654 0.128122 0.132811
0 0.350784 0.358594 0.107815 0.104688
0 0.421094 0.241405 0.132813 0.135937
0 0.749222 0.703908 0.098441 0.098435
0 0.371091 0.493748 0.126563 0.128124
0 0.739841 0.392186 0.101565 0.100001
0 0.374216 0.828127 0.101565 0.103128
0 0.546092 0.059373 0.089059 0.087500
0 0.659373 0.080471 0.096875 0.101562
0 0.251560 0.392970 0.109374 0.114062
0 0.782811 0.486717 0.106249 0.104688
