0 0.258597 0.675781 0.126563 0.142185
0 0.349997 0.575002 0.140628 0.126563
0 0.464845 0.567966 0.123439 0.126563
0 0.605466 0.508594 0.145312 0.153125
0 0.671093 0.432029 0.110939 0.109375
0 0.589842 0.330467 0.112498 0.109375
0 0.472653 0.240623 0.142187 0.139064
0 0.315625 0.160937 0.132813 0.140625
0 0.308593 0.314062 0.132813 0.132811
0 0.179688 0.357812 0.139062 0.140625
0 0.220310 0.521873 0.129688 0.145312
0 0.049998 0.340624 0.099996 0.128124
0 0.071875 0.176564 0.143749 0.162500
0 0.232816 0.063672 0.154686 0.127344
0 0.353564 0.443377 0.146878 0.137498
0 0.423440 0.695313 0.121872 0.131250
0 0.264846 0.887501 0.107815 0.103128
