0 0.094528 0.088279 0.164060 0.118750
0 0.288988 0.060899 0.154106 0.121799
0 0.239064 0.151561 0.140628 0.126563
0 0.562639 0.238142 0.134081 0.145578
0 0.485158 0.051563 0.126563 0.103126
0 0.172654 0.310939 0.096874 0.134377
0 0.392184 0.228126 0.162501 0.175001
0 0.107034 0.210938 0.120314 0.118750
0 0.267187 0.464065 0.109374 0.109375
0 0.092969 0.957032 0.135937 0.085936
0 0.285159 0.357435 0.101565 0.101562
0 0.092969 0.850780 0.095316 0.101562
0 0.089062 0.662501 0.103124 0.106249
0 0.940625 0.862498 0.118749 0.153125
0 0.742736 0.061398 0.153316 0.122796
