0 0.204686 0.300781 0.104690 0.090627
0 0.335157 0.282032 0.109374 0.100001
0 0.446096 0.260157 0.085934 0.114062
0 0.543050 0.349702 0.101565 0.121234
0 0.649843 0.336750 0.095316 0.103062
0 0.455470 0.530466 0.085934 0.074999
0 0.514841 0.570312 0.081251 0.081253
0 0.587972 0.477032 0.110954 0.118690
0 0.802028 0.471595 0.097810 0.109533
0 0.891971 0.428878 0.090625 0.085940
0 0.971910 0.408221 0.056180 0.099718
0 0.839061 0.333596 0.085934 0.109375
0 0.632813 0.090627 0.106249 0.112502
0 0.764843 0.051561 0.107815 0.103122
0 0.742186 0.168748 0.118748 0.128124
0 0.523439 0.133594 0.099999 0.110936
0 0.707814 0.468751 0.112498 0.118750
0 0.314059 0.632811 0.109374 0.112502
0 0.318750 0.071095 0.156252 0.142191
0 0.449221 0.439062 0.139062 0.143751
0 0.767206 0.345782 0.096889 0.133453
0 0.910249 0.299313 0.083549 0.112502
