0 0.846097 0.084377 0.134371 0.118750
0 0.871878 0.233593 0.201564 0.162516
0 0.844262 0.371091 0.123373 0.110936
0 0.879686 0.852343 0.173435 0.176561
0 0.503128 0.939060 0.115623 0.106249
0 0.951563 0.728906 0.096875 0.120310
0 0.122655 0.467188 0.101565 0.096874
0 0.345310 0.349999 0.112498 0.115623
0 0.377341 0.594529 0.154686 0.170313
0 0.969530 0.614061 0.060940 0.096874
0 0.102341 0.592969 0.101565 0.104688
0 0.452342 0.417968 0.101565 0.095314
0 0.315622 0.232810 0.103124 0.103128
0 0.546092 0.859373 0.089059 0.087500
0 0.853122 0.660937 0.112498 0.118750
0 0.659373 0.880471 0.096875 0.101562
