0 0.091971 0.866378 0.090625 0.085940
0 0.179000 0.845721 0.070361 0.099718
0 0.262078 0.795484 0.074653 0.115547
0 0.041014 0.771096 0.082028 0.109375
0 0.207029 0.688283 0.070310 0.123437
0 0.959377 0.286718 0.081246 0.129690
0 0.675002 0.852343 0.146878 0.148438
0 0.967966 0.591409 0.064067 0.117189
0 0.885158 0.507813 0.107815 0.115623
0 0.874217 0.371875 0.101565 0.112502
0 0.872659 0.886719 0.139062 0.145312
0 0.884375 0.219533 0.121873 0.126563
0 0.579686 0.722654 0.118748 0.135937
0 0.428125 0.907034 0.121873 0.126563
0 0.965625 0.421873 0.068751 0.118750
0 0.792191 0.735154 0.134372 0.139064
0 0.110249 0.736813 0.083549 0.112502
