0 0.079690 0.625780 0.134372 0.140625
0 0.072657 0.441405 0.140628 0.135937
0 0.141184 0.324782 0.121873 0.121876
0 0.207000 0.463280 0.126563 0.114062
0 0.047822 0.274126 0.095643 0.137498
0 0.294529 0.079687 0.165626 0.159373
0 0.572653 0.854688 0.129688 0.103128
0 0.620315 0.749217 0.103124 0.110936
0 0.727347 0.705467 0.124997 0.129690
0 0.635939 0.545311 0.124997 0.137498
0 0.849125 0.814325 0.128202 0.130049
0 0.049991 0.058595 0.099983 0.117189
0 0.892190 0.939845 0.112498 0.114062
0 0.920313 0.625003 0.143753 0.137498
0 0.369530 0.857032 0.098440 0.098435
0 0.173439 0.132811 0.159377 0.175000
0 0.703001 0.891924 0.128122 0.126563
