0 0.894528 0.088279 0.164060 0.118750
0 0.962108 0.310939 0.075783 0.134377
0 0.101219 0.836343 0.098440 0.093748
0 0.246878 0.724217 0.082810 0.109375
0 0.434378 0.669532 0.124997 0.114062
0 0.695247 0.735657 0.103269 0.108358
0 0.760156 0.581248 0.089059 0.082813
0 0.796095 0.661718 0.057812 0.067186
0 0.083202 0.070312 0.166403 0.140623
0 0.201566 0.182810 0.245311 0.178127
0 0.364843 0.275780 0.203123 0.157813
0 0.145313 0.433593 0.214063 0.189062
0 0.589064 0.681249 0.115623 0.121876
0 0.113283 0.675002 0.135937 0.140625
0 0.196781 0.882111 0.121684 0.123295
0 0.354686 0.877342 0.118748 0.120310
0 0.356252 0.767189 0.103124 0.100001
0 0.262502 0.614841 0.096874 0.095314
0 0.482032 0.473439 0.114064 0.115623
0 0.907034 0.210938 0.120314 0.118750
0 0.645309 0.572657 0.109373 0.114062
0 0.892969 0.957032 0.135937 0.085936
0 0.453126 0.952344 0.099999 0.095313
0 0.339845 0.494531 0.098440 0.101562
0 0.700779 0.152344 0.142187 0.135937
0 0.498439 0.150000 0.168751 0.162500
0 0.557033 0.829688 0.107815 0.118750
0 0.739842 0.312500 0.139062 0.137498
0 0.892969 0.850780 0.095316 0.101562
0 0.889062 0.662501 0.103124 0.106249
