0 0.869531 0.947657 0.148436 0.104686
0 0.658592 0.832813 0.137503 0.126563
0 0.508597 0.848435 0.117189 0.109375
0 0.569534 0.956640 0.118748 0.086720
0 0.556252 0.743752 0.096874 0.107815
0 0.405466 0.705467 0.107815 0.101562
0 0.389059 0.830469 0.104690 0.106249
0 0.406249 0.958983 0.120314 0.082033
0 0.305967 0.926561 0.101565 0.103128
0 0.864065 0.277345 0.129688 0.139064
0 0.883596 0.450780 0.135937 0.160939
0 0.789063 0.132811 0.146878 0.132811
0 0.743751 0.286719 0.114064 0.114062
0 0.334372 0.450002 0.131247 0.137498
0 0.170312 0.427344 0.132813 0.140625
0 0.339846 0.287502 0.137503 0.132811
0 0.196876 0.277345 0.148436 0.157813
0 0.055861 0.316408 0.111721 0.151565
0 0.436264 0.370702 0.131247 0.139064
0 0.935068 0.121311 0.129863 0.148438
0 0.043751 0.085157 0.087503 0.129690
0 0.789063 0.863312 0.112498 0.109375
0 0.038281 0.684375 0.076563 0.100001
0 0.738285 0.407030 0.123439 0.132811
0 0.192968 0.682814 0.107815 0.103128
0 0.285935 0.757813 0.109374 0.109375
