0 0.495674 0.094910 0.274296 0.189819
0 0.771094 0.485940 0.153127 0.134377
0 0.667971 0.695311 0.114064 0.134377
0 0.521375 0.510893 0.143608 0.143909
0 0.853904 0.659374 0.123439 0.123437
0 0.357816 0.515623 0.123439 0.132811
0 0.494529 0.711721 0.118748 0.134377
0 0.250784 0.864841 0.129688 0.135937
0 0.038671 0.830471 0.077342 0.128124
0 0.124220 0.717186 0.134372 0.131250
0 0.064454 0.955469 0.128908 0.089062
0 0.951562 0.784377 0.096876 0.157813
0 0.737498 0.371094 0.153127 0.120310
0 0.687502 0.962501 0.118748 0.074998
