0 0.328905 0.632811 0.185941 0.178127
0 0.329688 0.438279 0.184375 0.157813
0 0.512497 0.358593 0.212498 0.201563
0 0.519529 0.565625 0.198440 0.165626
0 0.738283 0.476564 0.209373 0.173440
0 0.906642 0.351845 0.186715 0.145312
0 0.689846 0.740626 0.167185 0.171874
0 0.693747 0.262501 0.184375 0.184375
0 0.734550 0.075796 0.185941 0.151592
0 0.203125 0.286720 0.171876 0.176561
0 0.553126 0.132811 0.159377 0.162500
0 0.889845 0.733595 0.145312 0.139064
0 0.241405 0.850779 0.117189 0.107815
0 0.149221 0.530466 0.139062 0.129690
0 0.360936 0.185936 0.128122 0.128124
0 0.792187 0.635155 0.124997 0.123437
0 0.225781 0.949219 0.142187 0.098435
