0 0.330468 0.553123 0.267184 0.271875
0 0.495674 0.857764 0.274296 0.264110
0 0.776235 0.722892 0.213425 0.252659
0 0.642189 0.608596 0.206248 0.221877
0 0.611718 0.396093 0.199998 0.193749
0 0.857029 0.409377 0.203123 0.220311
0 0.063279 0.721875 0.126559 0.149999
0 0.474997 0.067969 0.156252 0.135939
0 0.109372 0.072658 0.187499 0.145315
0 0.083591 0.529687 0.139062 0.143751
0 0.303905 0.076564 0.135937 0.134377
0 0.267191 0.232033 0.140628 0.157813
0 0.775002 0.172655 0.146878 0.160939
0 0.446874 0.270313 0.199998 0.200002
