0 0.146796 0.307862 0.195315 0.215624
0 0.058552 0.505015 0.117103 0.217141
0 0.392970 0.229687 0.189065 0.203123
0 0.222660 0.087501 0.224997 0.175002
0 0.821872 0.830471 0.110940 0.128124
0 0.924220 0.717186 0.134372 0.131250
0 0.859377 0.955469 0.139062 0.089062
0 0.809373 0.549999 0.126563 0.120310
0 0.764844 0.702341 0.120314 0.123437
0 0.402344 0.875781 0.164060 0.179688
0 0.653128 0.665628 0.137503 0.134377
0 0.700000 0.821091 0.099999 0.104688
0 0.707032 0.057032 0.145312 0.114064
0 0.563279 0.123438 0.129688 0.137498
