0 0.222660 0.863283 0.224997 0.223438
0 0.369530 0.729689 0.218747 0.204689
0 0.853903 0.721875 0.145312 0.149999
0 0.468580 0.560017 0.170310 0.173440
0 0.907811 0.072658 0.184377 0.145315
0 0.660502 0.469891 0.164060 0.173440
0 0.883591 0.529687 0.139062 0.143751
0 0.235159 0.574998 0.145312 0.156252
0 0.649997 0.649220 0.150002 0.157813
0 0.707032 0.838281 0.145312 0.151565
0 0.548438 0.789844 0.153127 0.164060
0 0.543748 0.059375 0.121873 0.118751
0 0.392970 0.448440 0.129688 0.131250
0 0.563279 0.923438 0.129688 0.137498
