0 0.335437 0.418312 0.131247 0.135937
0 0.253128 0.568752 0.181250 0.165626
0 0.448436 0.749217 0.143753 0.156252
0 0.215472 0.309078 0.140628 0.131250
0 0.049217 0.217968 0.098435 0.132811
0 0.067971 0.364845 0.135943 0.151565
0 0.092968 0.517971 0.129688 0.129690
0 0.221873 0.071874 0.146878 0.143748
0 0.445311 0.286719 0.131247 0.142185
0 0.369534 0.110158 0.135937 0.151565
0 0.042968 0.789846 0.085936 0.132811
0 0.177344 0.737499 0.135937 0.134377
0 0.047657 0.054686 0.095314 0.109373
0 0.526562 0.906252 0.124997 0.131250
0 0.959373 0.882811 0.081253 0.118750
