0 0.250784 0.066405 0.129688 0.132810
0 0.122655 0.466406 0.145312 0.137498
0 0.274999 0.310154 0.132813 0.162500
0 0.343750 0.620314 0.154686 0.146872
0 0.292189 0.933202 0.179684 0.133595
0 0.170316 0.773440 0.165626 0.157813
0 0.048826 0.710936 0.097653 0.126563
0 0.459374 0.817968 0.143753 0.157813
0 0.051172 0.372658 0.102344 0.143751
0 0.064454 0.179687 0.128908 0.137498
0 0.687502 0.182813 0.118748 0.115623
0 0.404687 0.491408 0.140628 0.139064
0 0.492970 0.373436 0.126563 0.131250
0 0.900782 0.607031 0.182816 0.182814
0 0.915623 0.344530 0.143753 0.167187
