0 0.067577 0.370310 0.135155 0.201563
0 0.258593 0.140625 0.118748 0.128124
0 0.323437 0.310938 0.175001 0.175000
0 0.836715 0.217968 0.123439 0.132811
0 0.683595 0.785936 0.114064 0.115623
0 0.865628 0.364845 0.140628 0.151565
0 0.892968 0.517971 0.129688 0.129690
0 0.690628 0.488282 0.124997 0.120310
0 0.821875 0.789846 0.128122 0.132811
0 0.954688 0.737499 0.090625 0.134377
0 0.589846 0.932814 0.114064 0.115623
0 0.821875 0.054686 0.146878 0.109373
0 0.728125 0.617966 0.115623 0.107815
0 0.099216 0.735155 0.114064 0.120310
0 0.499996 0.482029 0.112498 0.117189
0 0.072656 0.120310 0.145312 0.196876
0 0.428127 0.832030 0.115623 0.117189
