0 0.329688 0.875779 0.184375 0.157813
0 0.512497 0.796093 0.212498 0.201563
0 0.738283 0.913672 0.209373 0.172655
0 0.906642 0.789345 0.186715 0.145312
0 0.693747 0.700001 0.184375 0.184375
0 0.734550 0.494561 0.185941 0.189062
0 0.067188 0.235155 0.134377 0.145312
0 0.203125 0.724220 0.171876 0.176561
0 0.264061 0.226563 0.187499 0.178127
0 0.553126 0.570311 0.159377 0.162500
0 0.872655 0.346873 0.135937 0.134377
0 0.149221 0.951561 0.139062 0.096878
0 0.360936 0.623436 0.128122 0.128124
0 0.189060 0.066406 0.181250 0.132813
0 0.435937 0.322655 0.162502 0.151565
