0 0.644532 0.375000 0.168751 0.164060
0 0.928906 0.571093 0.142187 0.196876
0 0.812486 0.215529 0.150655 0.143044
0 0.627343 0.243750 0.129688 0.146872
0 0.123439 0.871874 0.165626 0.162500
0 0.048829 0.615626 0.097658 0.126563
0 0.841406 0.341407 0.154686 0.151565
0 0.498438 0.158593 0.134372 0.135937
0 0.775779 0.506251 0.151561 0.156252
0 0.478123 0.364843 0.143753 0.142185
0 0.960937 0.333594 0.075001 0.151565
0 0.699219 0.136718 0.114064 0.107815
0 0.558591 0.078124 0.123439 0.118750
0 0.943747 0.855469 0.112498 0.151565
0 0.325779 0.082811 0.114064 0.118750
