0 0.268735 0.355580 0.146878 0.165626
0 0.401562 0.214064 0.128122 0.184375
0 0.613639 0.246096 0.200238 0.210937
0 0.553123 0.071873 0.137503 0.118750
0 0.847654 0.370310 0.175001 0.201563
0 0.672654 0.480468 0.175001 0.184375
0 0.417845 0.678421 0.140469 0.137498
0 0.654688 0.650782 0.156252 0.156252
0 0.469531 0.899999 0.129688 0.143751
0 0.202347 0.636720 0.154686 0.160939
0 0.442967 0.402342 0.176559 0.198436
0 0.899216 0.735155 0.114064 0.120310
0 0.146456 0.432814 0.123439 0.143751
0 0.844530 0.120310 0.201565 0.196876
0 0.542966 0.769531 0.148436 0.142185
0 0.089065 0.947657 0.140628 0.104686
0 0.332035 0.521092 0.154686 0.157813
