0 0.939064 0.552342 0.121873 0.145312
0 0.443747 0.183592 0.159377 0.167187
0 0.819529 0.482030 0.148436 0.160939
0 0.750002 0.643752 0.140628 0.143751
0 0.671876 0.441406 0.128122 0.148438
0 0.865625 0.680471 0.137503 0.145312
0 0.657028 0.195310 0.120314 0.121876
0 0.270313 0.680471 0.118748 0.123437
0 0.453904 0.866407 0.107815 0.107815
0 0.318750 0.836174 0.124997 0.126563
0 0.412500 0.700780 0.124997 0.126563
0 0.692190 0.290624 0.128122 0.128124
0 0.210159 0.860936 0.104690 0.106249
0 0.533596 0.064060 0.107815 0.103128
