0 0.296874 0.612498 0.131247 0.218751
0 0.371875 0.274997 0.118748 0.131250
0 0.568749 0.353124 0.137504 0.149999
0 0.609378 0.587501 0.143753 0.156252
0 0.923325 0.384797 0.115826 0.113328
0 0.821093 0.654687 0.139062 0.159373
0 0.774222 0.464842 0.142187 0.145312
0 0.192967 0.225516 0.142187 0.151565
0 0.914060 0.832031 0.137503 0.151565
0 0.950782 0.545312 0.098436 0.128124
0 0.049219 0.062501 0.098438 0.125001
0 0.460934 0.632812 0.134371 0.137498
0 0.100783 0.489844 0.135937 0.145312
0 0.070220 0.317921 0.140441 0.148438
0 0.767972 0.231247 0.120314 0.134377
