0 0.366406 0.356252 0.156252 0.182814
0 0.503126 0.476562 0.156252 0.201563
0 0.773435 0.577346 0.201565 0.182814
0 0.925830 0.483924 0.123439 0.149999
0 0.103122 0.428125 0.137503 0.182814
0 0.242967 0.512498 0.168751 0.195315
0 0.249217 0.138279 0.143753 0.176561
0 0.421875 0.141405 0.162502 0.195315
0 0.597659 0.183595 0.175001 0.201563
0 0.832030 0.367203 0.162502 0.201563
0 0.912497 0.654689 0.112498 0.125003
0 0.625782 0.615626 0.154686 0.171874
0 0.716406 0.283596 0.145312 0.154686
0 0.078124 0.120313 0.134372 0.137498
0 0.492969 0.725001 0.129688 0.134377
0 0.352341 0.737502 0.117189 0.115623
