0 0.514847 0.117968 0.185941 0.223438
0 0.700780 0.214065 0.185941 0.193749
0 0.933986 0.143753 0.132027 0.185935
0 0.890621 0.310939 0.148436 0.178127
0 0.845309 0.567970 0.148436 0.140625
0 0.945313 0.846876 0.109375 0.193749
0 0.123325 0.384797 0.115826 0.113328
0 0.546877 0.546872 0.106249 0.162500
0 0.045312 0.654687 0.090624 0.159373
0 0.499216 0.735157 0.135937 0.139064
0 0.114060 0.832031 0.137503 0.151565
0 0.160938 0.545312 0.118748 0.128124
0 0.792971 0.953906 0.120314 0.092189
0 0.385159 0.549999 0.135937 0.140625
