0 0.782814 0.219534 0.185941 0.178127
0 0.919142 0.094921 0.161716 0.189842
0 0.711720 0.078126 0.164060 0.148438
0 0.187502 0.061546 0.140628 0.123092
0 0.321091 0.167187 0.156252 0.134377
0 0.487391 0.149330 0.156252 0.185935
0 0.902345 0.445315 0.139062 0.167187
0 0.117967 0.390625 0.156252 0.173440
0 0.219533 0.263279 0.126563 0.162500
0 0.040627 0.932031 0.081253 0.132811
0 0.103909 0.853905 0.150003 0.185935
0 0.387500 0.416404 0.126563 0.132811
0 0.367186 0.275002 0.121872 0.139064
0 0.156247 0.684375 0.146878 0.149999
0 0.739060 0.680471 0.121872 0.135937
0 0.278656 0.534376 0.137503 0.146872
0 0.545311 0.305468 0.121872 0.129690
0 0.833455 0.568328 0.136235 0.138346
0 0.532029 0.591405 0.151561 0.157813
