0 0.782814 0.657034 0.185941 0.178127
0 0.919142 0.511717 0.161716 0.231251
0 0.711720 0.515626 0.164060 0.148438
0 0.621639 0.383125 0.147965 0.167361
0 0.187502 0.474655 0.140628 0.171874
0 0.321091 0.604687 0.156252 0.134377
0 0.487391 0.586830 0.156252 0.185935
0 0.510939 0.296093 0.178125 0.185935
0 0.902345 0.882815 0.139062 0.167187
0 0.117967 0.828125 0.156252 0.173440
0 0.219533 0.700779 0.126563 0.162500
0 0.387500 0.853904 0.126563 0.132811
0 0.367186 0.712502 0.121872 0.139064
0 0.294534 0.218750 0.148436 0.143751
0 0.114060 0.053907 0.137503 0.107814
0 0.278656 0.949220 0.137503 0.101560
0 0.545311 0.742968 0.121872 0.129690
0 0.792971 0.169529 0.120314 0.123437
0 0.411716 0.403124 0.151561 0.146872
