0 0.324997 0.253127 0.156252 0.156252
0 0.206249 0.769532 0.132813 0.167187
0 0.281250 0.489060 0.145312 0.162500
0 0.917967 0.390625 0.156252 0.173440
0 0.596872 0.587500 0.115623 0.149999
0 0.689846 0.555468 0.126563 0.145312
0 0.744533 0.682814 0.132813 0.132811
0 0.587860 0.792483 0.157079 0.180639
0 0.599997 0.925784 0.145312 0.087500
0 0.753124 0.830470 0.126563 0.139064
0 0.825784 0.932031 0.110939 0.132811
0 0.903909 0.853905 0.150003 0.185935
0 0.941404 0.684375 0.117192 0.149999
0 0.457034 0.384377 0.157811 0.168747
0 0.357811 0.627346 0.153127 0.167187
0 0.070882 0.523436 0.141764 0.162500
0 0.077267 0.213080 0.154535 0.156252
0 0.138904 0.275578 0.156252 0.156252
0 0.736717 0.059001 0.140628 0.118002
