0 0.891613 0.244643 0.118436 0.117548
0 0.561716 0.267187 0.145312 0.153125
0 0.215622 0.126562 0.170310 0.134377
0 0.383590 0.233594 0.153127 0.156252
0 0.394531 0.578908 0.135937 0.142185
0 0.557032 0.531248 0.148436 0.149999
0 0.713284 0.814063 0.139062 0.131250
0 0.885153 0.769530 0.151561 0.164060
0 0.556249 0.722654 0.121873 0.132811
0 0.442185 0.428126 0.124997 0.121876
0 0.433231 0.742968 0.099999 0.114062
0 0.121097 0.221093 0.132813 0.129690
0 0.778904 0.942970 0.139062 0.114061
0 0.325329 0.860157 0.107815 0.104688
0 0.473440 0.871092 0.099999 0.114062
0 0.273434 0.318751 0.109373 0.115623
