0 0.055470 0.261718 0.110941 0.148438
0 0.043905 0.398439 0.087810 0.115204
0 0.079780 0.776720 0.134314 0.132017
0 0.090612 0.664452 0.131247 0.118750
0 0.088285 0.565626 0.096874 0.096874
0 0.282034 0.889842 0.126563 0.139064
0 0.348437 0.777346 0.098440 0.109375
0 0.272841 0.713330 0.110925 0.109468
0 0.299216 0.478909 0.126563 0.149999
0 0.484374 0.594532 0.140628 0.156252
0 0.796878 0.094532 0.140628 0.139064
0 0.754690 0.301564 0.162501 0.168747
0 0.548435 0.745313 0.103124 0.106249
0 0.938406 0.104624 0.123187 0.156252
0 0.890628 0.360937 0.124997 0.125003
