0 0.926566 0.828125 0.126563 0.151565
0 0.499171 0.482294 0.117109 0.127107
0 0.611372 0.575439 0.123939 0.130718
0 0.699235 0.685456 0.132798 0.133904
0 0.240593 0.425532 0.121735 0.111686
0 0.219002 0.289296 0.125925 0.119342
0 0.091613 0.244643 0.118436 0.117548
0 0.195607 0.144593 0.109982 0.111061
0 0.279982 0.133751 0.079685 0.092187
0 0.363154 0.205471 0.093503 0.106249
0 0.410939 0.332029 0.134372 0.139064
0 0.321749 0.537142 0.120220 0.101670
0 0.933594 0.503125 0.132812 0.126563
0 0.600780 0.416408 0.134372 0.148438
0 0.724081 0.483344 0.106249 0.106091
0 0.444187 0.590794 0.117218 0.119217
0 0.539844 0.648437 0.079685 0.071873
0 0.085153 0.769530 0.151561 0.164060
0 0.742967 0.872658 0.126563 0.123437
0 0.491407 0.843752 0.160935 0.153125
