0 0.471877 0.933985 0.128122 0.132031
0 0.363671 0.867966 0.112063 0.112502
0 0.419532 0.737499 0.104690 0.107815
0 0.610157 0.963672 0.107815 0.072656
0 0.707814 0.811889 0.104690 0.105357
0 0.535358 0.638140 0.113985 0.114372
0 0.592191 0.555468 0.079685 0.079687
0 0.688283 0.460937 0.096874 0.115623
0 0.858592 0.471094 0.099999 0.104688
0 0.788282 0.725781 0.064061 0.059377
0 0.886722 0.631250 0.084376 0.087500
0 0.770309 0.417187 0.092191 0.076560
0 0.603907 0.878124 0.110939 0.106249
0 0.824220 0.321095 0.101565 0.101562
0 0.472189 0.358516 0.179234 0.212313
0 0.932919 0.279640 0.124794 0.128048
