0 0.731670 0.134720 0.125643 0.147547
0 0.839064 0.261718 0.143753 0.148438
0 0.836426 0.398439 0.102769 0.115204
0 0.543750 0.244531 0.092191 0.114062
0 0.657814 0.301564 0.118748 0.109375
0 0.573519 0.412799 0.126563 0.118750
0 0.524487 0.625672 0.125563 0.142751
0 0.624218 0.704690 0.101565 0.114062
0 0.748700 0.760549 0.139657 0.149548
0 0.879780 0.776720 0.134314 0.132017
0 0.890612 0.664452 0.131247 0.118750
0 0.653907 0.620311 0.109373 0.079687
0 0.754689 0.544534 0.101565 0.131250
0 0.888285 0.565626 0.096874 0.096874
0 0.648875 0.518673 0.089248 0.085157
0 0.621876 0.088284 0.121873 0.114062
0 0.476564 0.177345 0.109373 0.121876
0 0.568328 0.870436 0.186731 0.173908
0 0.775997 0.931942 0.142644 0.136116
0 0.742966 0.421875 0.142187 0.137498
