0 0.849998 0.100002 0.184375 0.184375
0 0.789061 0.284377 0.137503 0.134377
0 0.786719 0.443750 0.120314 0.128124
0 0.553124 0.278906 0.131247 0.123437
0 0.935939 0.437502 0.124997 0.171874
0 0.923438 0.244531 0.153124 0.160939
0 0.146878 0.094532 0.140628 0.139064
0 0.104690 0.301564 0.162501 0.168747
0 0.671872 0.500001 0.106249 0.103128
0 0.671872 0.390625 0.124997 0.121876
0 0.297127 0.104624 0.140628 0.156252
0 0.592187 0.037500 0.121873 0.075000
0 0.414062 0.330470 0.115623 0.117189
0 0.240628 0.360937 0.124997 0.125003
