0 0.926566 0.390625 0.126563 0.151565
0 0.867189 0.585157 0.160935 0.168747
0 0.499171 0.054174 0.117109 0.108348
0 0.611372 0.137939 0.123939 0.130718
0 0.699235 0.247956 0.132798 0.133904
0 0.321749 0.099642 0.120220 0.101670
0 0.894528 0.775002 0.156252 0.178127
0 0.933594 0.065625 0.132812 0.126563
0 0.724081 0.049445 0.106249 0.098889
0 0.444187 0.153294 0.117218 0.119217
0 0.539844 0.210937 0.079685 0.071873
0 0.064843 0.671091 0.129686 0.154686
0 0.085153 0.332030 0.151561 0.164060
0 0.742967 0.435158 0.126563 0.123437
0 0.417971 0.776562 0.145312 0.134377
0 0.491407 0.406252 0.160935 0.153125
0 0.132814 0.550781 0.137503 0.148438
0 0.378908 0.628907 0.104690 0.104688
0 0.215363 0.677502 0.127593 0.160640
0 0.754690 0.694532 0.115623 0.114062
0 0.264061 0.870310 0.137503 0.149999
