0 0.571093 0.329686 0.117189 0.164060
0 0.400001 0.450001 0.115623 0.126563
0 0.517966 0.646094 0.164060 0.134377
0 0.455470 0.197658 0.123439 0.153125
0 0.065625 0.686717 0.131251 0.154686
0 0.862500 0.921094 0.184375 0.157811
0 0.896097 0.746878 0.167185 0.178127
0 0.178905 0.197658 0.198440 0.195315
0 0.778908 0.219533 0.117189 0.117189
0 0.180471 0.603904 0.132813 0.135937
0 0.559378 0.349217 0.168751 0.176561
0 0.401559 0.452345 0.162501 0.170313
0 0.650778 0.134376 0.139062 0.143751
0 0.883590 0.569534 0.148436 0.145312
0 0.228125 0.412499 0.165626 0.175001
