0 0.464841 0.835157 0.179684 0.185935
0 0.218747 0.525002 0.175000 0.187501
0 0.353909 0.357032 0.201565 0.217190
0 0.165627 0.842970 0.218747 0.214064
0 0.634375 0.864062 0.128122 0.128124
0 0.574998 0.525002 0.150002 0.149999
0 0.926563 0.264845 0.146874 0.142185
0 0.096954 0.125329 0.193909 0.218751
0 0.387592 0.088531 0.178654 0.177062
0 0.508718 0.688377 0.123656 0.089077
0 0.431984 0.586576 0.123779 0.125987
0 0.663310 0.675718 0.147842 0.134404
0 0.596001 0.286796 0.122438 0.105498
0 0.642249 0.184076 0.129956 0.117591
0 0.528090 0.358685 0.098252 0.108391
