0 0.218747 0.934376 0.175000 0.131249
0 0.353909 0.794532 0.201565 0.217190
0 0.599220 0.294532 0.126563 0.123437
0 0.499221 0.098439 0.192190 0.196877
0 0.654690 0.142190 0.140628 0.140625
0 0.574998 0.943751 0.150002 0.112498
0 0.413279 0.249221 0.126563 0.126563
0 0.926563 0.702345 0.146874 0.142185
0 0.096954 0.562829 0.193909 0.218751
0 0.387592 0.523951 0.178654 0.181221
0 0.219625 0.239341 0.164843 0.168862
0 0.930284 0.253985 0.139425 0.232736
0 0.596001 0.724296 0.122438 0.105498
0 0.642249 0.621576 0.129956 0.117591
0 0.758278 0.320393 0.184592 0.139939
0 0.528090 0.796185 0.098252 0.108391
