0 0.341403 0.238280 0.167185 0.176561
0 0.661722 0.157810 0.160935 0.153125
0 0.146878 0.726562 0.131247 0.128124
0 0.110157 0.882031 0.110940 0.110936
0 0.914066 0.151562 0.153127 0.143751
0 0.739065 0.450783 0.140628 0.142185
0 0.943749 0.607812 0.112502 0.118750
0 0.192191 0.365626 0.162502 0.149999
0 0.429548 0.723783 0.230361 0.175658
0 0.408922 0.547108 0.207422 0.151075
0 0.471750 0.388268 0.153062 0.147873
0 0.261341 0.882498 0.146015 0.143485
0 0.432731 0.911312 0.181170 0.150015
0 0.848018 0.772830 0.134110 0.116297
0 0.621362 0.838031 0.169715 0.138406
