0 0.823441 0.889842 0.137503 0.153125
0 0.097658 0.906253 0.126563 0.125003
0 0.110157 0.082031 0.110940 0.110936
0 0.567856 0.281750 0.181888 0.172842
0 0.381046 0.367233 0.163343 0.137373
0 0.561549 0.458518 0.208800 0.182999
0 0.529497 0.710328 0.187326 0.142892
0 0.376188 0.557812 0.194438 0.169797
0 0.236394 0.214064 0.146000 0.137079
0 0.261341 0.082498 0.146015 0.143485
0 0.432731 0.111312 0.181170 0.150015
0 0.058908 0.612095 0.117816 0.130282
0 0.761576 0.723781 0.234059 0.179095
0 0.813936 0.591873 0.242048 0.184326
0 0.923208 0.457686 0.153584 0.134469
0 0.621362 0.053617 0.169715 0.107234
