0 0.599220 0.074218 0.123439 0.114062
0 0.616410 0.258593 0.123439 0.126563
0 0.271875 0.397657 0.175000 0.157813
0 0.842972 0.234374 0.120314 0.115623
0 0.957812 0.230470 0.081251 0.139064
0 0.103907 0.488283 0.132813 0.126563
0 0.770313 0.339845 0.112498 0.110936
0 0.249219 0.838279 0.114064 0.120310
0 0.667972 0.369534 0.142187 0.142185
0 0.968752 0.965625 0.059377 0.068751
0 0.310938 0.532811 0.131247 0.125003
0 0.759372 0.045311 0.137503 0.090623
0 0.099216 0.632029 0.160935 0.157813
0 0.721093 0.164845 0.142187 0.160939
0 0.510937 0.339845 0.109374 0.107815
0 0.527344 0.170315 0.129688 0.137498
0 0.499221 0.556252 0.104690 0.106249
0 0.403122 0.635939 0.115623 0.115623
