0 0.424219 0.472658 0.140628 0.140625
0 0.495313 0.610939 0.090625 0.115623
0 0.724217 0.540627 0.095316 0.115623
0 0.553124 0.389062 0.095316 0.106249
0 0.582813 0.495311 0.135937 0.115623
0 0.563282 0.275783 0.095316 0.120310
0 0.716409 0.189843 0.110940 0.131250
0 0.419529 0.288284 0.120314 0.106249
0 0.459375 0.104687 0.151561 0.140625
0 0.599220 0.874218 0.123439 0.114062
0 0.875778 0.660937 0.135937 0.121876
0 0.759372 0.827341 0.137503 0.126563
0 0.721093 0.942188 0.142187 0.115625
0 0.962503 0.813280 0.071876 0.135937
0 0.527344 0.950783 0.129688 0.098434
