0 0.036720 0.311720 0.073439 0.101562
0 0.862497 0.712502 0.131247 0.140625
0 0.280467 0.578125 0.132813 0.131250
0 0.120314 0.203128 0.124997 0.125003
0 0.112498 0.417186 0.103124 0.100001
0 0.289841 0.348439 0.129688 0.125003
0 0.249219 0.049217 0.114064 0.098434
0 0.034374 0.953905 0.068748 0.085940
0 0.968752 0.179687 0.059377 0.096874
0 0.924216 0.897654 0.126563 0.114062
0 0.941405 0.324221 0.114064 0.135937
0 0.639842 0.824998 0.101565 0.106249
0 0.892185 0.570311 0.103124 0.109375
0 0.967969 0.557810 0.060936 0.140625
0 0.968751 0.800002 0.062499 0.106249
