0 0.569530 0.197657 0.104690 0.118750
0 0.486720 0.323437 0.137503 0.160939
0 0.410936 0.496094 0.146878 0.137498
0 0.420311 0.657033 0.146878 0.137498
0 0.378123 0.810936 0.137503 0.114062
0 0.378123 0.938672 0.165626 0.122656
0 0.849220 0.938674 0.123439 0.122653
0 0.764062 0.764065 0.123439 0.151565
0 0.588279 0.562502 0.114064 0.128124
0 0.621875 0.429686 0.095316 0.118750
0 0.746872 0.385158 0.118748 0.104688
0 0.746872 0.913281 0.090625 0.090627
0 0.718750 0.564846 0.099999 0.132811
0 0.220312 0.051171 0.099999 0.102343
0 0.350000 0.070311 0.120314 0.112502
0 0.500778 0.031250 0.099999 0.062500
0 0.764845 0.090625 0.140628 0.168747
0 0.886718 0.116404 0.071877 0.132811
0 0.310154 0.353909 0.120314 0.117189
0 0.310154 0.567967 0.095316 0.092187
0 0.198439 0.379688 0.099999 0.106249
0 0.585937 0.707814 0.159377 0.156252
0 0.851562 0.298436 0.143753 0.137498
0 0.087499 0.525000 0.112498 0.106249
