0 0.767971 0.555468 0.142187 0.135937
0 0.878903 0.403908 0.139062 0.129690
0 0.692187 0.403125 0.137503 0.137498
0 0.392972 0.908595 0.132813 0.132811
0 0.378124 0.686718 0.146878 0.139064
0 0.544533 0.355471 0.126563 0.123437
0 0.381249 0.500783 0.153127 0.139064
0 0.399997 0.264061 0.118748 0.112502
0 0.050783 0.840627 0.101565 0.137498
0 0.072660 0.673440 0.129688 0.128124
0 0.728908 0.692188 0.117189 0.109375
0 0.566407 0.723438 0.110940 0.103128
0 0.850781 0.680470 0.104690 0.101562
0 0.535935 0.871876 0.134372 0.121876
0 0.192966 0.797654 0.129688 0.132811
