0 0.932814 0.778126 0.131247 0.137498
0 0.742190 0.615626 0.137503 0.128124
0 0.746873 0.770312 0.124997 0.125003
0 0.192190 0.760938 0.112498 0.112502
0 0.525785 0.799218 0.145312 0.148438
0 0.759372 0.481249 0.121873 0.115623
0 0.123439 0.652345 0.124997 0.114062
0 0.828124 0.898436 0.124997 0.128124
0 0.641625 0.360156 0.193749 0.195315
0 0.150003 0.564062 0.106249 0.096874
0 0.585938 0.524999 0.143753 0.128124
0 0.942970 0.955468 0.114061 0.089063
0 0.368750 0.596877 0.134372 0.134377
0 0.346094 0.811718 0.123439 0.129690
0 0.477340 0.351565 0.167185 0.165626
0 0.900001 0.546874 0.121873 0.121876
0 0.949221 0.282030 0.098441 0.123437
0 0.715626 0.967969 0.099999 0.064062
0 0.624218 0.206813 0.167185 0.165626
0 0.081251 0.931251 0.124997 0.125003
0 0.487497 0.643749 0.115623 0.106249
