0 0.220312 0.848436 0.099999 0.107815
0 0.350000 0.870311 0.120314 0.112502
0 0.500778 0.812499 0.099999 0.100001
0 0.420311 0.656253 0.107815 0.123437
0 0.764845 0.890625 0.140628 0.168747
0 0.886718 0.771876 0.120314 0.132811
0 0.886718 0.916404 0.071877 0.132811
0 0.828906 0.593748 0.115623 0.120310
0 0.370314 0.068361 0.128122 0.136721
0 0.353908 0.241404 0.104690 0.104688
0 0.285939 0.347658 0.096874 0.115623
0 0.472655 0.353906 0.115623 0.128124
0 0.616409 0.327344 0.107815 0.115623
0 0.824998 0.321096 0.092191 0.104688
0 0.603126 0.045312 0.118748 0.090625
