0 0.055470 0.150783 0.110940 0.146872
0 0.257034 0.207812 0.132813 0.128124
0 0.231253 0.444533 0.128122 0.118750
0 0.344535 0.328127 0.128122 0.123437
0 0.460941 0.527346 0.142187 0.132811
0 0.413279 0.660157 0.151561 0.114062
0 0.072660 0.591406 0.095316 0.081253
0 0.190625 0.619534 0.189065 0.128124
0 0.200782 0.792185 0.095316 0.095314
0 0.266409 0.894530 0.114064 0.100001
0 0.458592 0.906248 0.090625 0.132811
0 0.451559 0.792185 0.151561 0.104688
0 0.530468 0.060157 0.139062 0.120314
0 0.629684 0.418749 0.143753 0.128124
0 0.692970 0.249218 0.145312 0.145312
