0 0.728126 0.712498 0.118748 0.156252
0 0.898436 0.880468 0.124997 0.117189
0 0.839066 0.348436 0.143753 0.153125
0 0.194533 0.353906 0.129688 0.120310
0 0.167187 0.525780 0.124997 0.123437
0 0.522654 0.558595 0.123439 0.117189
0 0.185159 0.104689 0.132813 0.134377
0 0.751566 0.878907 0.118748 0.120310
0 0.624219 0.047655 0.129688 0.095309
0 0.823435 0.512501 0.109374 0.106249
0 0.633188 0.630468 0.134372 0.123437
0 0.731251 0.131251 0.124997 0.125003
0 0.840624 0.796094 0.112498 0.107815
0 0.306249 0.281250 0.081251 0.084374
0 0.492965 0.696876 0.107815 0.106249
0 0.545310 0.384378 0.128122 0.115623
