0 0.510160 0.133592 0.126563 0.109375
0 0.464064 0.275000 0.196874 0.139064
0 0.443750 0.417185 0.145312 0.109375
0 0.666405 0.431252 0.115623 0.104688
0 0.664063 0.056642 0.121873 0.113283
0 0.785160 0.050780 0.132813 0.101560
0 0.669529 0.188283 0.132813 0.139064
0 0.817190 0.272656 0.115623 0.109375
0 0.857812 0.167968 0.126563 0.121876
0 0.929688 0.408594 0.132813 0.149999
0 0.857812 0.671878 0.196874 0.167187
0 0.347658 0.764842 0.206248 0.217190
0 0.635157 0.762499 0.212498 0.223438
0 0.397654 0.054688 0.117189 0.109376
0 0.387497 0.800779 0.143753 0.132811
