0 0.655472 0.459377 0.081251 0.074999
0 0.582812 0.592188 0.132813 0.132811
0 0.533592 0.736717 0.139062 0.109375
0 0.510160 0.933592 0.126563 0.109375
0 0.851562 0.655470 0.115623 0.121876
0 0.742189 0.682032 0.104690 0.115623
0 0.664063 0.838284 0.121873 0.149999
0 0.785160 0.843748 0.132813 0.115623
0 0.857812 0.953515 0.126563 0.092970
0 0.576562 0.236717 0.112498 0.114062
0 0.397654 0.850002 0.117189 0.118750
0 0.400779 0.624998 0.139062 0.125003
0 0.657030 0.342188 0.117189 0.109375
0 0.168750 0.802342 0.115623 0.110936
