0 0.366408 0.065624 0.135937 0.131249
0 0.346094 0.222659 0.145312 0.120310
0 0.270309 0.357813 0.098440 0.109375
0 0.260159 0.508595 0.140628 0.160939
0 0.489064 0.123435 0.089059 0.098435
0 0.692187 0.776560 0.201565 0.193749
0 0.778128 0.482810 0.148436 0.156252
0 0.953123 0.578124 0.093753 0.164060
0 0.486722 0.460935 0.156252 0.128124
0 0.575781 0.599216 0.178125 0.134377
0 0.199216 0.840625 0.120314 0.120310
0 0.457954 0.822893 0.156252 0.170313
0 0.233595 0.153124 0.117189 0.118750
0 0.893751 0.099216 0.118748 0.123437
0 0.627343 0.377344 0.123439 0.120310
0 0.299998 0.350782 0.153127 0.142185
