0 0.884377 0.210938 0.142187 0.164060
0 0.877344 0.633595 0.212498 0.170313
0 0.917577 0.807813 0.164847 0.164060
0 0.877344 0.435154 0.114064 0.128124
0 0.295314 0.186720 0.128122 0.156252
0 0.199216 0.050390 0.120314 0.100780
0 0.058982 0.221873 0.117965 0.156252
0 0.037499 0.371094 0.074998 0.142185
0 0.160153 0.445311 0.114064 0.164060
0 0.465624 0.207812 0.156252 0.156252
0 0.457954 0.054025 0.156252 0.108050
0 0.387498 0.878908 0.170310 0.164060
0 0.380466 0.396096 0.156252 0.192188
0 0.362500 0.555469 0.120314 0.128124
0 0.291407 0.662501 0.148436 0.156252
