0 0.301565 0.583596 0.150003 0.132811
0 0.411721 0.692971 0.139062 0.121876
0 0.408597 0.817969 0.132813 0.126563
0 0.566248 0.902565 0.165952 0.165186
0 0.942970 0.898438 0.114060 0.126563
0 0.654691 0.690622 0.139062 0.162500
0 0.825784 0.699219 0.121872 0.156252
0 0.221097 0.415626 0.139062 0.132811
0 0.605471 0.482029 0.121872 0.126563
0 0.421763 0.309470 0.176762 0.140815
0 0.496097 0.505470 0.109373 0.126563
0 0.185159 0.235156 0.110939 0.137498
0 0.087501 0.313282 0.110939 0.098435
0 0.084377 0.140625 0.117189 0.090627
0 0.318748 0.182814 0.129688 0.110936
0 0.795312 0.884377 0.165626 0.162500
