0 0.639841 0.049998 0.090625 0.087500
0 0.508595 0.044533 0.067186 0.071873
0 0.407029 0.139842 0.081251 0.068752
0 0.704686 0.142968 0.075001 0.093748
0 0.527343 0.149999 0.062502 0.059377
0 0.637500 0.293750 0.065627 0.074999
0 0.538284 0.250783 0.070311 0.074999
0 0.524219 0.326560 0.057812 0.073439
0 0.578122 0.367966 0.059378 0.068752
0 0.503904 0.478125 0.075001 0.087500
0 0.590629 0.219534 0.062502 0.074999
0 0.457816 0.784376 0.059378 0.064065
0 0.583596 0.704689 0.054687 0.056251
0 0.291407 0.151565 0.082810 0.074999
