0 0.699218 0.235154 0.060936 0.087500
0 0.528125 0.176565 0.075001 0.101562
0 0.588279 0.338282 0.079685 0.106249
0 0.728124 0.392966 0.084376 0.084374
0 0.707809 0.113283 0.093750 0.084374
0 0.564064 0.026953 0.068752 0.053906
0 0.610935 0.642189 0.098440 0.104688
0 0.371090 0.332034 0.124997 0.123437
0 0.352342 0.421878 0.137503 0.103128
0 0.350783 0.508595 0.150002 0.103128
0 0.381247 0.310159 0.128122 0.129690
0 0.037498 0.739846 0.074997 0.114062
0 0.368748 0.175782 0.156252 0.151565
0 0.975001 0.381249 0.049997 0.081253
0 0.247659 0.293748 0.101565 0.093748
0 0.869528 0.328907 0.117189 0.114062
