0 0.416157 0.116561 0.099238 0.090670
0 0.345376 0.047326 0.079815 0.068186
0 0.353155 0.335655 0.114405 0.103764
0 0.501671 0.296015 0.107670 0.101235
0 0.309814 0.239704 0.100826 0.084548
0 0.266278 0.169485 0.084970 0.077202
0 0.172064 0.160752 0.101877 0.078844
0 0.230985 0.085671 0.092220 0.083857
0 0.586329 0.952860 0.080221 0.083014
0 0.610327 0.775342 0.057203 0.056033
0 0.673518 0.737344 0.061814 0.054451
0 0.538095 0.863701 0.058174 0.060264
0 0.569190 0.821017 0.056079 0.052689
0 0.682080 0.939826 0.080018 0.078343
