0 0.767971 0.069529 0.070311 0.073439
0 0.553081 0.700627 0.071688 0.071204
0 0.524842 0.543641 0.073269 0.076560
0 0.657278 0.541265 0.061045 0.063891
0 0.802561 0.490577 0.079793 0.073357
0 0.868550 0.511517 0.061342 0.080905
0 0.923766 0.543108 0.063075 0.077577
0 0.416157 0.916561 0.099238 0.090670
0 0.345376 0.847326 0.079815 0.068186
0 0.266278 0.965442 0.084970 0.069116
0 0.172064 0.960665 0.101877 0.078670
0 0.230985 0.885671 0.092220 0.083857
0 0.212512 0.800155 0.087232 0.090828
0 0.266640 0.634045 0.065765 0.067218
0 0.173877 0.364487 0.075965 0.074907
0 0.094141 0.333232 0.065591 0.059329
0 0.247247 0.408030 0.062060 0.075733
