0 0.753905 0.442189 0.160935 0.159373
0 0.810941 0.705467 0.124997 0.129690
0 0.710158 0.589844 0.145312 0.157813
0 0.652347 0.077343 0.195315 0.154686
0 0.568747 0.863279 0.103124 0.107815
0 0.692186 0.779689 0.087500 0.100001
0 0.573438 0.417970 0.178125 0.182814
0 0.950002 0.544533 0.099997 0.135937
0 0.556248 0.585157 0.093750 0.098435
0 0.665622 0.944532 0.112498 0.104688
0 0.897658 0.793750 0.114064 0.112502
0 0.809374 0.176561 0.153127 0.131250
0 0.893750 0.457033 0.115623 0.120310
0 0.946875 0.267188 0.106250 0.125003
