0 0.414063 0.960547 0.084376 0.078905
0 0.532028 0.675779 0.073435 0.096874
0 0.425004 0.830471 0.068752 0.059377
0 0.514062 0.870311 0.065627 0.079687
0 0.578124 0.976954 0.090625 0.046093
0 0.689846 0.514063 0.076560 0.095314
0 0.575782 0.524997 0.073435 0.101562
0 0.693746 0.381252 0.090625 0.098435
0 0.616403 0.428906 0.079685 0.090627
0 0.863281 0.500001 0.095316 0.079687
0 0.960938 0.234374 0.078125 0.101562
0 0.871872 0.238284 0.084376 0.093748
0 0.878904 0.385156 0.098441 0.106249
0 0.715627 0.723439 0.084376 0.104688
0 0.311722 0.549216 0.129688 0.135937
