0 0.313280 0.353909 0.123439 0.123437
0 0.430469 0.815623 0.123439 0.115623
0 0.560157 0.174999 0.129688 0.131250
0 0.239062 0.824220 0.109373 0.107815
0 0.440626 0.446096 0.128122 0.120310
0 0.160936 0.189843 0.118748 0.117189
0 0.694529 0.253125 0.123439 0.121876
0 0.314846 0.234376 0.129688 0.121876
0 0.257810 0.721875 0.124997 0.109375
0 0.448434 0.918751 0.106249 0.103128
0 0.146095 0.661720 0.110940 0.098435
0 0.543750 0.642966 0.124997 0.126563
0 0.320312 0.540627 0.137503 0.137498
0 0.605469 0.346095 0.114064 0.104688
0 0.149220 0.339842 0.126563 0.120310
0 0.710159 0.096873 0.129688 0.125003
