0 0.935939 0.431252 0.128122 0.149999
0 0.742186 0.566406 0.109374 0.101562
0 0.501566 0.171095 0.153127 0.145312
0 0.907813 0.811719 0.093750 0.092187
0 0.039844 0.877344 0.079688 0.110936
0 0.047654 0.299218 0.095309 0.123437
0 0.343748 0.899219 0.115623 0.117189
0 0.528123 0.602343 0.134372 0.126563
0 0.813280 0.501564 0.123439 0.112502
0 0.666409 0.782030 0.110939 0.101562
0 0.256248 0.478123 0.099999 0.084374
0 0.592191 0.904690 0.131247 0.134377
0 0.050001 0.752342 0.100003 0.132811
0 0.193753 0.752342 0.140628 0.132811
0 0.172655 0.598439 0.142187 0.128124
0 0.041407 0.615627 0.082813 0.137498
0 0.784374 0.366404 0.093750 0.085940
0 0.234375 0.275783 0.128122 0.110936
