0 0.455468 0.282811 0.085934 0.090627
0 0.424221 0.374998 0.090625 0.095314
0 0.332029 0.458594 0.065627 0.090627
0 0.216407 0.453124 0.070311 0.090627
0 0.256252 0.365624 0.085934 0.114062
0 0.339062 0.289841 0.081251 0.095314
0 0.557033 0.332814 0.090625 0.095314
0 0.509372 0.517188 0.099999 0.085940
0 0.405472 0.673435 0.060936 0.085940
0 0.471875 0.728125 0.060936 0.081253
0 0.462500 0.647656 0.060936 0.060938
0 0.568749 0.645312 0.065627 0.056251
0 0.625778 0.595314 0.114064 0.109375
0 0.625778 0.434375 0.085934 0.081253
0 0.054687 0.140625 0.109375 0.134377
0 0.189059 0.199220 0.131247 0.123437
0 0.054687 0.299998 0.109375 0.118750
0 0.542185 0.874998 0.124997 0.121876
0 0.075778 0.856249 0.139062 0.125003
0 0.421096 0.905470 0.110939 0.107815
0 0.695312 0.813282 0.121872 0.107815
