0 0.429689 0.285154 0.109374 0.114062
0 0.264063 0.460938 0.118748 0.114062
0 0.356247 0.417970 0.114064 0.095314
0 0.498434 0.453124 0.142187 0.109375
0 0.592967 0.250001 0.114064 0.100001
0 0.675783 0.394529 0.118748 0.123437
0 0.642970 0.521876 0.099999 0.104688
0 0.810938 0.425001 0.104690 0.109375
0 0.159373 0.318752 0.118748 0.074999
0 0.053124 0.332814 0.095316 0.074999
0 0.048046 0.555468 0.096092 0.114062
0 0.168748 0.496096 0.118748 0.100001
0 0.043359 0.420314 0.086717 0.081253
0 0.417190 0.895312 0.146878 0.143751
