0 0.075779 0.879690 0.079685 0.092187
0 0.131249 0.174217 0.121872 0.143751
0 0.089062 0.305468 0.096874 0.092187
0 0.059373 0.432031 0.106249 0.101562
0 0.170435 0.679236 0.105966 0.109250
0 0.616405 0.871093 0.131247 0.109375
0 0.789846 0.856249 0.131247 0.096874
0 0.828126 0.763284 0.071876 0.089061
0 0.942579 0.867189 0.114841 0.092187
0 0.324998 0.925783 0.109374 0.117189
0 0.198435 0.949218 0.109374 0.101565
0 0.193592 0.492969 0.114064 0.120310
0 0.208592 0.291407 0.110939 0.104688
0 0.300000 0.409373 0.103124 0.106249
0 0.577342 0.685158 0.110939 0.110936
0 0.417559 0.825641 0.134372 0.112502
0 0.599222 0.576560 0.126563 0.121876
0 0.450779 0.613279 0.092191 0.092187
0 0.598439 0.430471 0.118748 0.120310
0 0.759375 0.448436 0.143753 0.131250
