0 0.476560 0.595313 0.131247 0.134377
0 0.566409 0.481250 0.132813 0.137498
0 0.602347 0.342969 0.164060 0.151565
0 0.593749 0.093752 0.106249 0.100001
0 0.721095 0.401564 0.117189 0.115623
0 0.214842 0.053125 0.126563 0.106250
0 0.430471 0.204688 0.139062 0.137498
0 0.585940 0.724220 0.118748 0.117189
0 0.438280 0.403124 0.123439 0.128124
0 0.661717 0.596873 0.154686 0.140625
0 0.728127 0.496095 0.103124 0.092187
0 0.892188 0.371092 0.109374 0.104688
0 0.677341 0.036719 0.089059 0.073438
0 0.481250 0.038282 0.137503 0.076564
0 0.560159 0.894533 0.098441 0.101562
