0 0.499216 0.847658 0.093750 0.114062
0 0.517188 0.710155 0.120314 0.129690
0 0.667967 0.647656 0.089059 0.109375
0 0.644535 0.819530 0.093750 0.120310
0 0.163280 0.832031 0.089059 0.082813
0 0.324215 0.792968 0.089059 0.098435
0 0.267187 0.550781 0.109374 0.125003
0 0.069530 0.647656 0.098441 0.140625
0 0.121092 0.546094 0.098441 0.093748
0 0.335155 0.681249 0.129688 0.125003
0 0.194534 0.671091 0.098441 0.093748
0 0.225782 0.764845 0.089059 0.073439
0 0.188278 0.283593 0.126563 0.126563
0 0.144531 0.057033 0.139062 0.114066
0 0.325781 0.337501 0.120314 0.121876
0 0.723437 0.951562 0.131247 0.096877
