0 0.877347 0.828907 0.129688 0.132811
0 0.435155 0.181252 0.148436 0.134377
0 0.286718 0.196874 0.107815 0.118750
0 0.960157 0.770313 0.079686 0.118750
0 0.338280 0.435939 0.101565 0.106249
0 0.719529 0.419529 0.132813 0.132811
0 0.230465 0.611717 0.104690 0.107815
0 0.402341 0.071094 0.117189 0.107815
0 0.591407 0.780470 0.104690 0.101562
0 0.892188 0.708592 0.087500 0.092187
0 0.795313 0.762499 0.112498 0.106249
0 0.728903 0.964844 0.107815 0.070312
0 0.814844 0.924221 0.095316 0.104688
0 0.115046 0.159594 0.129391 0.121735
