0 0.060936 0.503904 0.121873 0.145312
0 0.830469 0.152343 0.076560 0.079687
0 0.689066 0.573439 0.131247 0.149999
0 0.139066 0.685158 0.137503 0.135937
0 0.447655 0.043749 0.120314 0.087498
0 0.050783 0.614846 0.092191 0.089061
0 0.732029 0.200002 0.104690 0.112502
0 0.129685 0.039062 0.115623 0.078124
0 0.478910 0.764061 0.114064 0.109375
0 0.319533 0.749217 0.107815 0.104688
0 0.385153 0.158596 0.151561 0.148438
0 0.276562 0.514061 0.109374 0.115623
0 0.300002 0.257031 0.137503 0.129690
0 0.070314 0.401565 0.099999 0.103128
