0 0.166406 0.546875 0.126563 0.145312
0 0.200002 0.787501 0.087500 0.107815
0 0.076564 0.714845 0.109374 0.109375
0 0.040625 0.535940 0.081251 0.145312
0 0.084372 0.369531 0.115623 0.153125
0 0.271096 0.398437 0.104690 0.123437
0 0.365629 0.629688 0.118748 0.104688
0 0.196878 0.078907 0.124997 0.115623
0 0.196878 0.245311 0.109374 0.101562
0 0.516675 0.137268 0.126078 0.138607
0 0.347656 0.096873 0.104690 0.117189
0 0.699999 0.065624 0.090625 0.120310
0 0.968749 0.153907 0.062502 0.134377
0 0.916404 0.771873 0.117189 0.118750
