0 0.078062 0.326640 0.113035 0.111094
0 0.401550 0.133315 0.119219 0.117048
0 0.412809 0.537843 0.086500 0.095406
0 0.532028 0.580468 0.079685 0.093748
0 0.655909 0.107906 0.119871 0.114655
0 0.557889 0.040628 0.115782 0.081256
0 0.196092 0.273439 0.110939 0.109375
0 0.050002 0.045313 0.100004 0.090625
0 0.539706 0.194639 0.131247 0.128124
0 0.643751 0.261716 0.118748 0.114062
0 0.472658 0.424221 0.104690 0.101562
0 0.158595 0.057032 0.098440 0.095314
0 0.346877 0.430469 0.112498 0.107815
0 0.059371 0.160154 0.109373 0.107815
