1 0.280927 0.909052 0.017241 0.020977
1 0.235366 0.931529 0.014397 0.018842
1 0.250000 0.908908 0.014871 0.021264
1 0.249677 0.933908 0.015302 0.018966
1 0.236709 0.908667 0.013804 0.017580
1 0.249030 0.953161 0.013578 0.017241
1 0.246328 0.981557 0.011638 0.018103
1 0.283513 0.991810 0.014871 0.015517
1 0.275216 0.973276 0.012931 0.018103
1 0.448276 0.968391 0.016595 0.021264
1 0.462392 0.989799 0.014224 0.018103
1 0.479095 0.982759 0.016595 0.027011
1 0.502478 0.967960 0.020259 0.020402
1 0.512284 0.939224 0.027802 0.027011
1 0.525862 0.975000 0.017888 0.022989
1 0.562500 0.987644 0.025862 0.023851
1 0.560991 0.924856 0.028879 0.042816
1 0.573599 0.962213 0.020905 0.025575
1 0.384483 0.398851 0.015517 0.021839
1 0.433190 0.502874 0.037069 0.052874
1 0.439655 0.447126 0.034483 0.051724
1 0.474569 0.483333 0.045690 0.057471
1 0.448828 0.407572 0.038241 0.051724
1 0.500862 0.399425 0.050000 0.068966
1 0.547414 0.391954 0.039655 0.060920
1 0.465050 0.343690 0.039211 0.051957
1 0.514224 0.339080 0.045690 0.063218
1 0.560776 0.326437 0.047414 0.060920
1 0.480603 0.292529 0.040517 0.050575
1 0.504310 0.268391 0.043103 0.055172
1 0.554310 0.268966 0.058621 0.072414
1 0.559052 0.208046 0.049138 0.067816
1 0.575862 0.151724 0.036207 0.047126
1 0.531938 0.176859 0.029524 0.053718
1 0.520690 0.555029 0.053879 0.083908
1 0.604722 0.557471 0.056681 0.074138
1 0.538147 0.463506 0.043966 0.070690
1 0.573599 0.471839 0.046767 0.070690
1 0.618534 0.487500 0.050216 0.070690
1 0.579526 0.412644 0.036853 0.045402
1 0.613450 0.415233 0.040190 0.071566
1 0.659375 0.427011 0.060129 0.069540
1 0.670004 0.483819 0.036338 0.048819
1 0.648636 0.343385 0.043892 0.060043
1 0.689606 0.343750 0.048491 0.069540
1 0.641487 0.295833 0.027802 0.039655
1 0.672845 0.277874 0.043966 0.058621
1 0.683190 0.233046 0.034052 0.047989
1 0.733944 0.230603 0.043966 0.050287
1 0.719612 0.274282 0.049353 0.058621
1 0.759052 0.288075 0.040517 0.040805
1 0.740625 0.331753 0.044828 0.058621
1 0.401185 0.266810 0.018966 0.025000
1 0.293966 0.885632 0.017241 0.021839
1 0.311530 0.869397 0.015948 0.021264
1 0.745043 0.880891 0.016379 0.022126
1 0.833513 0.907040 0.017026 0.022701
1 0.665086 0.857184 0.017241 0.021264
1 0.352802 0.360057 0.016379 0.021839
1 0.369397 0.345690 0.016810 0.023563
1 0.789224 0.916523 0.019828 0.026724
1 0.388793 0.372414 0.016379 0.020690
1 0.400108 0.236351 0.017026 0.022126
1 0.682974 0.872414 0.019397 0.025287
1 0.261853 0.990230 0.013793 0.017816
1 0.830819 0.943534 0.012500 0.016379
1 0.288470 0.172845 0.015733 0.020402
1 0.776078 0.955029 0.018966 0.024425
1 0.807866 0.909626 0.018319 0.024425
1 0.542457 0.947615 0.022845 0.028448
1 0.842026 0.944253 0.011638 0.016092
1 0.770690 0.931322 0.015086 0.020690
1 0.813901 0.963218 0.011422 0.014943
1 0.700970 0.908621 0.022198 0.028736
1 0.677371 0.915086 0.018966 0.026724
1 0.502478 0.993247 0.016595 0.013506
1 0.511272 0.213506 0.040948 0.052299
