1 0.390733 0.255029 0.030819 0.039655
1 0.391164 0.298851 0.037931 0.050575
1 0.374246 0.339943 0.036853 0.047989
1 0.368300 0.385626 0.043103 0.047989
1 0.341918 0.459989 0.031897 0.044402
1 0.333728 0.508908 0.031897 0.032759
1 0.372198 0.511638 0.030819 0.043678
1 0.427905 0.437457 0.041655 0.051635
1 0.420588 0.329417 0.037080 0.051362
1 0.328125 0.545115 0.024569 0.031609
1 0.357328 0.585489 0.042026 0.068391
1 0.417349 0.585489 0.057543 0.073851
1 0.449677 0.530172 0.054310 0.056034
1 0.467134 0.598563 0.037931 0.053448
1 0.522629 0.462356 0.046121 0.068391
1 0.564116 0.353592 0.043103 0.053448
1 0.547737 0.402155 0.045259 0.054598
1 0.342996 0.303017 0.014224 0.018966
1 0.320151 0.408908 0.016595 0.023851
1 0.306681 0.453592 0.012931 0.016379
1 0.306358 0.468822 0.010991 0.014080
1 0.318849 0.442905 0.012696 0.018210
1 0.326509 0.313649 0.018966 0.026149
1 0.326185 0.286638 0.016595 0.021552
1 0.326746 0.343394 0.020690 0.025575
1 0.969181 0.833190 0.027586 0.034770
1 0.344427 0.328201 0.014871 0.020977
1 0.982866 0.695402 0.024784 0.033333
1 0.302422 0.422819 0.016810 0.020402
1 0.973922 0.604454 0.028448 0.041092
1 0.235129 0.247989 0.015086 0.021264
1 0.901509 0.684914 0.026724 0.037644
1 0.307328 0.298132 0.015517 0.021552
1 0.227909 0.278017 0.014440 0.019253
1 0.956034 0.808046 0.021552 0.026437
1 0.982220 0.871839 0.028664 0.040230
1 0.501616 0.543822 0.042026 0.056034
1 0.567741 0.454020 0.040905 0.054592
1 0.427392 0.275250 0.039871 0.047989
1 0.415909 0.384730 0.040733 0.061494
1 0.381358 0.449282 0.041595 0.050287
1 0.411638 0.490086 0.032759 0.047989
1 0.317838 0.596011 0.029526 0.041583
1 0.503233 0.406466 0.035560 0.046839
1 0.475647 0.460776 0.041379 0.062069
1 0.520366 0.355891 0.041595 0.050862
1 0.587931 0.401437 0.038147 0.052011
1 0.390621 0.664989 0.040963 0.059089
