0 0.273707 0.034195 0.031681 0.040805
0 0.249461 0.062931 0.028448 0.031897
0 0.245366 0.092385 0.025000 0.024138
0 0.311746 0.060632 0.037500 0.039368
0 0.332220 0.101437 0.019181 0.030172
1 0.665248 0.058428 0.020205 0.024603
1 0.697091 0.065517 0.019397 0.021839
1 0.682155 0.043348 0.014440 0.019253
1 0.652573 0.153647 0.011735 0.019342
1 0.693966 0.132615 0.015302 0.024713
1 0.709375 0.094971 0.017457 0.020402
1 0.706789 0.161351 0.012284 0.021839
1 0.717026 0.172989 0.012284 0.017816
1 0.680603 0.201724 0.013362 0.017816
1 0.680929 0.145356 0.014875 0.018270
1 0.679091 0.105526 0.015302 0.022586
1 0.684267 0.230460 0.020474 0.020402
1 0.690151 0.257483 0.016541 0.022448
0 0.832543 0.536925 0.017457 0.023276
0 0.830623 0.579417 0.018856 0.023586
0 0.809375 0.683333 0.016379 0.025862
0 0.818642 0.647845 0.014440 0.023276
0 0.793534 0.571121 0.017457 0.023276
0 0.788560 0.546563 0.025250 0.028761
0 0.797091 0.621839 0.014440 0.020402
0 0.788519 0.651316 0.018450 0.021727
0 0.792457 0.670977 0.011207 0.014943
1 0.838276 0.019687 0.012315 0.022621
1 0.874437 0.021549 0.018534 0.021839
1 0.894983 0.047690 0.021494 0.027376
1 0.856409 0.113227 0.016612 0.018023
1 0.911530 0.112787 0.017457 0.023276
1 0.869397 0.167385 0.016045 0.021629
1 0.891584 0.137756 0.018728 0.025560
1 0.903879 0.151724 0.014440 0.024713
1 0.917237 0.154552 0.017498 0.021198
1 0.745580 0.784057 0.015944 0.025011
1 0.730927 0.805891 0.017457 0.021839
1 0.761746 0.809195 0.017457 0.025862
1 0.746235 0.827017 0.020767 0.024210
1 0.712392 0.866667 0.017457 0.023276
1 0.704371 0.890250 0.019418 0.024566
1 0.708278 0.906911 0.013362 0.019253
1 0.724263 0.956422 0.018427 0.018603
1 0.737759 0.959112 0.021552 0.021839
1 0.702155 0.942672 0.015302 0.027299
1 0.753584 0.884299 0.015248 0.023339
1 0.747306 0.906466 0.019397 0.020402
1 0.708985 0.970874 0.018159 0.026517
1 0.723931 0.978353 0.017011 0.024710
1 0.744397 0.989655 0.017672 0.020115
0 0.456358 0.090374 0.016595 0.027299
0 0.419612 0.102874 0.017672 0.023563
0 0.378017 0.155172 0.022629 0.026149
0 0.348276 0.195690 0.017672 0.023563
0 0.301509 0.296264 0.022629 0.033908
0 0.322198 0.277299 0.014655 0.022126
0 0.385690 0.210552 0.021552 0.024713
0 0.403987 0.199569 0.017672 0.031322
0 0.459483 0.126580 0.016595 0.023563
0 0.367780 0.255029 0.013793 0.019540
1 0.943319 0.245546 0.016595 0.022126
1 0.924138 0.249856 0.015517 0.020977
1 0.911631 0.225509 0.019159 0.024037
1 0.925539 0.208477 0.016379 0.018391
1 0.858944 0.060489 0.018750 0.021552
1 0.883513 0.067241 0.017888 0.023563
1 0.726078 0.877874 0.018750 0.019540
0 0.551185 0.018822 0.017241 0.022989
0 0.593966 0.017529 0.013578 0.017816
0 0.557651 0.068391 0.014655 0.020115
0 0.518750 0.054023 0.015733 0.018391
0 0.605065 0.129167 0.020905 0.027011
0 0.611961 0.169109 0.023922 0.029885
0 0.544828 0.047126 0.015086 0.019828
0 0.573707 0.180891 0.017241 0.022701
0 0.440625 0.319253 0.018966 0.023563
0 0.423379 0.349129 0.021856 0.027422
0 0.401185 0.327155 0.016379 0.022126
0 0.428341 0.228305 0.022845 0.027011
1 0.955862 0.286638 0.021894 0.028448
1 0.926806 0.276649 0.021403 0.026635
1 0.900899 0.261310 0.022636 0.028371
1 0.910560 0.314080 0.020690 0.020402
1 0.891595 0.297414 0.019181 0.021839
0 0.733836 0.548851 0.022414 0.030747
0 0.691810 0.564655 0.022629 0.032471
0 0.678448 0.537787 0.024569 0.028736
1 0.552263 0.812069 0.023276 0.035632
1 0.567457 0.846264 0.022198 0.032759
0 0.644487 0.900718 0.020938 0.023851
0 0.646649 0.933690 0.013722 0.019201
0 0.624892 0.743534 0.020474 0.028736
0 0.608190 0.721552 0.020259 0.020690
0 0.601185 0.687356 0.019612 0.028161
0 0.617888 0.650575 0.023276 0.031897
0 0.627586 0.708621 0.017888 0.023276
0 0.635560 0.680029 0.020690 0.028736
1 0.918966 0.184914 0.016810 0.023276
1 0.706843 0.038701 0.016164 0.022701
1 0.705388 0.013649 0.016810 0.022701
1 0.904547 0.081566 0.017888 0.024138
1 0.708244 0.132371 0.015733 0.022701
1 0.709052 0.075287 0.015086 0.020690
1 0.892996 0.100718 0.016164 0.022126
1 0.753017 0.322845 0.021983 0.026724
1 0.664679 0.146483 0.016573 0.022807
1 0.676293 0.164080 0.015948 0.021264
1 0.772414 0.779741 0.016810 0.022126
1 0.708405 0.280316 0.018534 0.025000
1 0.507112 0.063649 0.013362 0.018103
1 0.747306 0.391379 0.020043 0.028736
1 0.895366 0.170454 0.016595 0.022414
1 0.862119 0.127348 0.016942 0.021405
1 0.891056 0.010345 0.015302 0.020690
1 0.931250 0.344540 0.018103 0.023563
1 0.655603 0.089799 0.015086 0.018678
0 0.436315 0.376293 0.014440 0.019253
0 0.748707 0.658046 0.016810 0.022414
0 0.483836 0.094109 0.017241 0.023276
1 0.668319 0.120402 0.017672 0.024138
1 0.707220 0.648851 0.016164 0.021264
1 0.740302 0.338937 0.017241 0.023851
0 0.451078 0.195259 0.016810 0.021552
1 0.731034 0.388649 0.014224 0.019253
1 0.581250 0.820546 0.018534 0.023851
1 0.668642 0.032184 0.015733 0.021264
1 0.836961 0.634770 0.016164 0.021264
0 0.614871 0.270833 0.020259 0.026149
1 0.689978 0.095115 0.014440 0.019540
0 0.607099 0.085750 0.018994 0.024480
1 0.503556 0.733046 0.016595 0.021264
1 0.654634 0.013937 0.015733 0.020402
1 0.845797 0.047557 0.015733 0.020977
1 0.686530 0.408190 0.016595 0.023851
1 0.673599 0.078592 0.016595 0.022126
1 0.702763 0.221049 0.018319 0.025287
1 0.683513 0.016667 0.013578 0.018391
1 0.697306 0.149713 0.013147 0.016667
1 0.703280 0.193845 0.021392 0.024842
1 0.778556 0.733190 0.017457 0.021552
0 0.465194 0.045546 0.015302 0.020977
1 0.654789 0.179598 0.016164 0.021839
1 0.721390 0.847089 0.019718 0.023060
0 0.608494 0.205072 0.017244 0.023078
0 0.826185 0.671121 0.014440 0.018678
1 0.605172 0.926149 0.015086 0.020115
1 0.746013 0.941667 0.020474 0.029310
0 0.531573 0.097557 0.012284 0.016379
1 0.762823 0.756178 0.017888 0.023276
1 0.732112 0.363937 0.015948 0.024425
1 0.880603 0.196034 0.017284 0.020514
1 0.520905 0.034914 0.014224 0.018103
1 0.879957 0.180460 0.013793 0.017816
1 0.524461 0.684195 0.014009 0.019540
0 0.527586 0.077011 0.012931 0.017816
1 0.660453 0.104167 0.015733 0.019828
1 0.620582 0.953305 0.015302 0.023276
0 0.330819 0.238793 0.014224 0.018966
1 0.709483 0.249282 0.018103 0.023851
1 0.696983 0.085201 0.011207 0.015230
0 0.367780 0.321695 0.017026 0.022701
1 0.666595 0.259483 0.012931 0.017241
1 0.509591 0.043822 0.014009 0.018103
1 0.782112 0.703879 0.015517 0.020402
1 0.817672 0.299138 0.015517 0.020690
0 0.346121 0.352874 0.016810 0.021264
1 0.884696 0.240830 0.016013 0.021193
0 0.429310 0.268103 0.013793 0.019540
1 0.551078 0.711351 0.016810 0.022701
1 0.874688 0.233259 0.015517 0.020402
1 0.835022 0.289799 0.015733 0.020977
0 0.392026 0.361207 0.016379 0.021839
1 0.673004 0.275463 0.017399 0.022233
0 0.456716 0.305664 0.018405 0.023394
1 0.702586 0.425000 0.015948 0.022989
1 0.962069 0.267816 0.012931 0.017241
1 0.824058 0.501894 0.017209 0.023330
0 0.503125 0.216092 0.015302 0.021264
0 0.348168 0.332328 0.013578 0.019253
1 0.692026 0.176006 0.016810 0.022126
1 0.762931 0.705460 0.016810 0.020115
1 0.585560 0.797270 0.015517 0.020402
1 0.776401 0.685057 0.011853 0.015517
1 0.510129 0.762500 0.013362 0.017529
1 0.759698 0.789080 0.012069 0.016667
1 0.800862 0.316954 0.019828 0.025287
1 0.980711 0.283477 0.013147 0.017529
0 0.351293 0.295115 0.013793 0.018966
1 0.905065 0.101149 0.011853 0.015517
1 0.864224 0.093247 0.017241 0.023276
1 0.965194 0.312500 0.015733 0.020977
0 0.526832 0.060632 0.010991 0.014368
1 0.785237 0.300862 0.013147 0.017241
1 0.612177 0.880891 0.014871 0.020402
1 0.910345 0.169540 0.012931 0.017241
0 0.463578 0.213793 0.016810 0.022414
1 0.925825 0.327155 0.016595 0.020977
0 0.569935 0.093678 0.013147 0.017816
0 0.645662 0.872779 0.015463 0.018233
1 0.766272 0.677586 0.011853 0.015517
1 0.976940 0.346264 0.012500 0.016667
0 0.509375 0.096408 0.015302 0.019253
0 0.545582 0.185776 0.011422 0.015230
1 0.852371 0.082902 0.015517 0.021552
1 0.676293 0.251580 0.012069 0.016379
1 0.693427 0.036351 0.013578 0.016954
1 0.894504 0.191379 0.011853 0.016092
1 0.861767 0.157075 0.016379 0.020977
1 0.883621 0.032759 0.012500 0.016667
1 0.669181 0.006897 0.016379 0.013793
0 0.668103 0.921983 0.012500 0.016954
1 0.671336 0.407184 0.016379 0.020690
0 0.577047 0.163218 0.010991 0.016092
0 0.424138 0.438075 0.015948 0.020402
0 0.549597 0.121408 0.013813 0.018103
0 0.453772 0.248994 0.017026 0.023276
0 0.601940 0.057759 0.011638 0.016092
1 0.699353 0.383190 0.016379 0.023276
1 0.867457 0.075718 0.015086 0.018678
1 0.750144 0.863431 0.020097 0.024784
0 0.389978 0.235920 0.020905 0.025862
0 0.439763 0.072270 0.011853 0.016379
1 0.551185 0.856753 0.014440 0.020402
1 0.857759 0.036782 0.015086 0.021264
1 0.879310 0.087787 0.015948 0.021552
0 0.402263 0.414080 0.016164 0.021264
1 0.568427 0.797270 0.016595 0.022701
1 0.569504 0.775862 0.013578 0.017816
0 0.588711 0.148828 0.016543 0.024095
1 0.582759 0.766092 0.013362 0.017241
1 0.865856 0.196603 0.014476 0.021216
1 0.662608 0.165374 0.011422 0.015230
1 0.850323 0.018822 0.017026 0.022126
0 0.402047 0.431753 0.012716 0.017529
1 0.655927 0.028506 0.013578 0.017529
