1 0.672819 0.323520 0.018599 0.025784
1 0.666502 0.347233 0.019429 0.023707
1 0.662347 0.367509 0.017513 0.020773
1 0.673922 0.384339 0.020474 0.022126
1 0.695429 0.379885 0.018659 0.023563
1 0.717026 0.383764 0.018534 0.023563
1 0.670905 0.404023 0.012716 0.019540
1 0.688164 0.413060 0.017599 0.021549
1 0.684584 0.427830 0.017672 0.019540
1 0.692302 0.440971 0.018892 0.022494
1 0.709084 0.466471 0.016500 0.017420
1 0.714978 0.441236 0.016595 0.020977
1 0.711810 0.414382 0.018534 0.024713
1 0.731754 0.413115 0.016476 0.024713
1 0.588737 0.783244 0.017772 0.026802
1 0.556330 0.818638 0.024409 0.029103
1 0.630280 0.808908 0.019612 0.024713
1 0.635075 0.844724 0.018953 0.028526
1 0.648922 0.788649 0.015733 0.023563
1 0.686304 0.867351 0.016595 0.024713
1 0.671694 0.801917 0.021078 0.029325
0 0.788588 0.789368 0.024332 0.032759
1 0.770608 0.784052 0.021067 0.022126
1 0.792787 0.834279 0.025461 0.031658
1 0.567888 0.442529 0.019181 0.022414
1 0.607748 0.481477 0.020390 0.027899
1 0.627263 0.501580 0.018319 0.027586
1 0.523457 0.477784 0.016741 0.022520
1 0.542024 0.481408 0.022358 0.029451
1 0.549138 0.502730 0.015086 0.019253
1 0.567457 0.513362 0.015086 0.027586
1 0.606640 0.515810 0.020940 0.029497
1 0.584274 0.495974 0.018545 0.024994
1 0.648491 0.581897 0.017457 0.024425
1 0.695659 0.566989 0.023767 0.032825
1 0.504418 0.647557 0.013362 0.016379
1 0.519181 0.641379 0.014009 0.014655
1 0.502371 0.666236 0.015086 0.014655
1 0.527909 0.660776 0.010560 0.019540
1 0.533961 0.681006 0.016131 0.013164
1 0.517134 0.681322 0.012284 0.015517
1 0.531991 0.708330 0.017218 0.020411
1 0.497953 0.739224 0.014655 0.017816
1 0.500862 0.758190 0.015733 0.016954
1 0.516918 0.736063 0.011638 0.019540
1 0.534375 0.737213 0.011638 0.016954
1 0.522737 0.755891 0.016379 0.020115
1 0.520366 0.783908 0.017457 0.021839
1 0.405819 0.077586 0.019828 0.026149
1 0.401509 0.110489 0.019181 0.028448
1 0.448276 0.186207 0.017457 0.021552
1 0.424784 0.180029 0.015948 0.018966
1 0.434573 0.206724 0.020009 0.022069
1 0.422953 0.218247 0.017241 0.019253
1 0.427047 0.241379 0.019397 0.022414
1 0.444847 0.238494 0.020420 0.024865
1 0.447996 0.264500 0.019526 0.023083
1 0.262332 0.240055 0.019278 0.018043
1 0.272998 0.257132 0.017907 0.021914
1 0.287500 0.270402 0.018319 0.016092
1 0.245582 0.222126 0.022198 0.018678
1 0.726940 0.835489 0.020690 0.027874
1 0.706899 0.822718 0.021627 0.024744
1 0.347306 0.967241 0.022198 0.026437
1 0.392672 0.958046 0.020259 0.027586
1 0.110345 0.833333 0.018534 0.022989
1 0.743776 0.823000 0.024948 0.036233
1 0.163901 0.823420 0.017888 0.022701
1 0.926724 0.553305 0.016379 0.021552
1 0.724832 0.803017 0.021095 0.028980
1 0.775216 0.606322 0.015948 0.020690
1 0.685237 0.356322 0.016164 0.020690
1 0.098384 0.813937 0.017888 0.021552
1 0.085991 0.835201 0.018534 0.023276
1 0.140302 0.832040 0.018103 0.022126
1 0.717916 0.864629 0.018966 0.025000
1 0.669897 0.856753 0.020690 0.029023
1 0.420366 0.151851 0.017524 0.024586
1 0.921429 0.987264 0.025244 0.025014
1 0.429065 0.263500 0.017888 0.022989
1 0.664763 0.040230 0.014871 0.020690
1 0.346013 0.945115 0.017026 0.020690
1 0.386315 0.983477 0.016595 0.020402
1 0.641810 0.636494 0.013362 0.016667
1 0.899246 0.171695 0.017026 0.022701
1 0.250073 0.253782 0.018315 0.022362
1 0.896121 0.559770 0.018103 0.022414
1 0.719397 0.280172 0.015086 0.019540
1 0.237968 0.235825 0.016737 0.021583
1 0.612017 0.834244 0.022142 0.027333
1 0.885345 0.154167 0.016810 0.021552
1 0.463578 0.140230 0.013362 0.017241
1 0.455496 0.598851 0.016164 0.021264
1 0.412284 0.943247 0.017241 0.023276
1 0.674569 0.017529 0.016810 0.021839
1 0.431466 0.132471 0.018966 0.024713
1 0.283190 0.435776 0.015517 0.021552
1 0.642341 0.866141 0.022437 0.025362
1 0.121121 0.810776 0.020259 0.024425
1 0.020259 0.729310 0.020690 0.025287
1 0.533836 0.173420 0.018534 0.024425
1 0.903772 0.147701 0.015302 0.020115
1 0.686099 0.831466 0.023060 0.028448
1 0.761315 0.620402 0.015302 0.018966
1 0.765194 0.847557 0.023060 0.031897
1 0.992565 0.947414 0.014871 0.025287
1 0.851940 0.967529 0.020259 0.025287
1 0.869504 0.578736 0.015733 0.021839
1 0.801078 0.976149 0.021121 0.026437
1 0.645897 0.548894 0.021140 0.032270
1 0.546940 0.450991 0.018679 0.024971
1 0.704310 0.355891 0.016379 0.020977
1 0.666586 0.570460 0.025530 0.035161
1 0.893534 0.609052 0.015517 0.020402
1 0.573384 0.775144 0.014871 0.018678
1 0.691918 0.334483 0.017026 0.022414
1 0.584619 0.529937 0.017545 0.024244
1 0.573716 0.801934 0.025412 0.032032
1 0.589009 0.466236 0.018534 0.025575
1 0.322737 0.635776 0.016595 0.020977
1 0.439871 0.159626 0.018103 0.022126
1 0.564403 0.473233 0.023287 0.029034
1 0.339763 0.416667 0.015302 0.018966
1 0.066703 0.831609 0.018750 0.024138
1 0.388578 0.692672 0.015517 0.019253
1 0.620575 0.782566 0.023075 0.028351
1 0.793534 0.655172 0.015517 0.020115
1 0.647496 0.521227 0.018093 0.024759
1 0.393319 0.725144 0.016379 0.021552
1 0.602407 0.806394 0.025235 0.033586
1 0.451185 0.284483 0.016164 0.019540
1 0.772737 0.633621 0.013578 0.017241
1 0.575862 0.345259 0.015517 0.019253
1 0.422629 0.096695 0.018103 0.022701
1 0.649539 0.335195 0.020752 0.024991
1 0.879203 0.946839 0.021336 0.027011
1 0.522858 0.455589 0.017356 0.022727
1 0.374677 0.722845 0.014871 0.018103
1 0.147522 0.806609 0.017457 0.021839
1 0.439440 0.610057 0.017672 0.022414
1 0.133082 0.791092 0.017888 0.021264
1 0.680388 0.583046 0.014224 0.018966
1 0.455638 0.204523 0.017026 0.020690
1 0.665086 0.601006 0.015948 0.022701
1 0.628748 0.535184 0.021013 0.027761
1 0.666418 0.539489 0.020198 0.029928
1 0.730690 0.455437 0.014914 0.020647
1 0.654741 0.813218 0.020259 0.027011
1 0.737304 0.434207 0.015526 0.023115
1 0.655711 0.063506 0.013578 0.017816
1 0.260513 0.270629 0.016138 0.020716
1 0.672953 0.061782 0.014871 0.018391
1 0.026724 0.683190 0.019397 0.025000
1 0.629203 0.300718 0.015733 0.019828
1 0.911853 0.602874 0.015517 0.018391
1 0.655711 0.651437 0.013147 0.017816
1 0.553608 0.429057 0.019519 0.023802
1 0.626853 0.378448 0.017457 0.020690
1 0.122953 0.851006 0.019612 0.024425
1 0.773168 0.250144 0.017026 0.022126
1 0.592996 0.319828 0.014871 0.017241
1 0.302694 0.663793 0.014871 0.017241
1 0.773931 0.814029 0.024983 0.032655
1 0.941379 0.547701 0.014655 0.019540
1 0.096659 0.856034 0.020043 0.027586
1 0.463470 0.173563 0.018319 0.022989
1 0.604343 0.390445 0.020478 0.023072
