1 0.570474 0.689224 0.024138 0.035920
1 0.550754 0.719109 0.024138 0.035920
1 0.531836 0.821437 0.023390 0.034210
1 0.566586 0.807144 0.023888 0.032644
1 0.568325 0.735813 0.021567 0.028908
1 0.609720 0.696730 0.021810 0.032980
1 0.642780 0.279741 0.026940 0.045402
1 0.664093 0.284747 0.024138 0.037069
1 0.613164 0.279908 0.029707 0.040557
1 0.611853 0.312644 0.020690 0.032471
1 0.592026 0.322845 0.020690 0.026437
1 0.583513 0.358764 0.019828 0.031034
1 0.578224 0.389744 0.015968 0.019147
1 0.541272 0.449713 0.017888 0.019253
1 0.496444 0.614267 0.014440 0.018103
1 0.508082 0.606034 0.017888 0.025287
1 0.524677 0.598132 0.017026 0.023851
1 0.524246 0.637644 0.016164 0.023851
1 0.542241 0.623994 0.019828 0.025287
1 0.579793 0.511259 0.023498 0.028233
1 0.565054 0.472983 0.022347 0.027595
1 0.583407 0.445546 0.021552 0.025000
1 0.590733 0.473707 0.019828 0.031034
1 0.614978 0.451580 0.021552 0.022701
1 0.645905 0.325862 0.024353 0.032471
1 0.669720 0.322270 0.025216 0.029885
1 0.632700 0.397302 0.034261 0.042713
1 0.642780 0.365948 0.019828 0.031034
1 0.572737 0.649138 0.025216 0.032471
1 0.571875 0.618534 0.017888 0.023851
1 0.570474 0.573707 0.018966 0.025287
1 0.619935 0.527011 0.026078 0.032471
1 0.647306 0.526293 0.021552 0.031034
1 0.667457 0.558046 0.024353 0.034770
1 0.615841 0.583190 0.017888 0.022701
1 0.642349 0.559914 0.020690 0.035920
1 0.834052 0.403305 0.019612 0.024425
1 0.854310 0.407759 0.020905 0.026149
1 0.820043 0.426868 0.028017 0.029598
1 0.849353 0.437787 0.022845 0.032184
1 0.824246 0.465661 0.017026 0.027011
1 0.818750 0.493534 0.016379 0.021839
1 0.853017 0.480029 0.015733 0.022701
1 0.851724 0.543534 0.022198 0.027874
1 0.840948 0.498707 0.017672 0.025287
1 0.832998 0.516106 0.012675 0.020460
1 0.856250 0.510057 0.015733 0.025287
1 0.821013 0.598420 0.017026 0.024425
1 0.829203 0.574856 0.021552 0.026149
1 0.842981 0.635239 0.019153 0.025072
1 0.846767 0.607471 0.021552 0.027011
1 0.776832 0.734339 0.022198 0.026724
1 0.720690 0.756178 0.023060 0.024713
1 0.727802 0.728448 0.026724 0.024713
1 0.665302 0.764080 0.022198 0.022701
1 0.626724 0.797701 0.022198 0.026724
1 0.600647 0.817529 0.020905 0.022701
1 0.617744 0.877865 0.016528 0.022394
1 0.629310 0.872126 0.015517 0.022701
1 0.611099 0.845259 0.017888 0.022701
1 0.632651 0.768966 0.020905 0.032759
1 0.694341 0.765144 0.020791 0.024828
1 0.760453 0.707040 0.026724 0.029598
1 0.793211 0.692241 0.019397 0.023851
1 0.641918 0.724425 0.020043 0.022701
1 0.669828 0.713506 0.029741 0.022701
1 0.718599 0.675773 0.021808 0.029138
1 0.737392 0.685345 0.019397 0.025862
1 0.332134 0.400365 0.017720 0.023037
1 0.300323 0.443247 0.017026 0.024138
1 0.386530 0.377443 0.021552 0.031897
1 0.411530 0.428161 0.017026 0.021264
1 0.454634 0.395690 0.019181 0.025575
1 0.483045 0.384236 0.021817 0.033129
1 0.268560 0.074733 0.023276 0.025287
1 0.351724 0.078448 0.024784 0.034483
1 0.274030 0.304598 0.024784 0.032184
1 0.257974 0.333621 0.019397 0.020690
1 0.235991 0.230603 0.028233 0.029310
1 0.243966 0.196695 0.026940 0.027874
1 0.223416 0.373851 0.018472 0.025575
1 0.223168 0.337356 0.023922 0.026149
1 0.229041 0.293454 0.021397 0.028523
1 0.209914 0.276149 0.020690 0.031322
1 0.555603 0.253879 0.014655 0.016379
1 0.509203 0.408046 0.026593 0.029598
1 0.758621 0.321983 0.014871 0.019540
1 0.693103 0.306609 0.015733 0.018678
1 0.664978 0.361782 0.016164 0.019540
1 0.667241 0.402299 0.021983 0.028161
1 0.766610 0.438931 0.021957 0.025848
1 0.779634 0.470259 0.018103 0.025575
1 0.779418 0.499425 0.021767 0.020977
1 0.907004 0.488793 0.011422 0.011782
1 0.896767 0.476724 0.013793 0.014080
1 0.912862 0.476724 0.012125 0.014376
1 0.932543 0.428448 0.008405 0.010057
1 0.922306 0.413649 0.009914 0.015517
1 0.920043 0.436494 0.010560 0.014943
1 0.735668 0.841523 0.022629 0.027299
1 0.783297 0.819540 0.025216 0.031322
1 0.745519 0.880204 0.027183 0.035032
1 0.789871 0.935345 0.022845 0.025862
1 0.813685 0.937500 0.023060 0.031034
1 0.867888 0.956322 0.020905 0.031609
1 0.832543 0.987644 0.023060 0.024713
1 0.808209 0.985164 0.022039 0.029672
1 0.789187 0.983549 0.023060 0.031112
1 0.478252 0.684376 0.020183 0.023638
1 0.478987 0.730316 0.021767 0.025575
1 0.458405 0.707328 0.017241 0.021839
1 0.492565 0.763506 0.017241 0.025862
1 0.473679 0.795649 0.027282 0.033569
1 0.439929 0.738330 0.017836 0.023207
1 0.238793 0.654023 0.027155 0.028448
1 0.267672 0.681897 0.024353 0.027011
1 0.253772 0.756753 0.023491 0.028161
1 0.256983 0.610293 0.029144 0.034279
1 0.198517 0.633348 0.027677 0.039011
1 0.424677 0.859126 0.044571 0.056980
1 0.381431 0.863428 0.043310 0.045534
1 0.420093 0.917124 0.043847 0.052060
1 0.463278 0.949842 0.038362 0.056897
1 0.394397 0.150431 0.017672 0.024425
1 0.672103 0.082362 0.009914 0.012931
1 0.680927 0.061494 0.009698 0.015230
1 0.685129 0.079598 0.010560 0.015230
1 0.680603 0.094971 0.008190 0.010057
1 0.379310 0.914943 0.040517 0.059483
1 0.677009 0.821474 0.019599 0.023851
1 0.662295 0.840172 0.020259 0.023175
1 0.646659 0.854454 0.015948 0.018391
1 0.693534 0.879741 0.017026 0.026437
1 0.834806 0.935776 0.022845 0.031322
1 0.880494 0.978170 0.019616 0.022431
1 0.685668 0.044684 0.008405 0.014943
1 0.695151 0.076580 0.007543 0.009770
1 0.735022 0.505891 0.013147 0.017529
1 0.720151 0.516954 0.013793 0.015805
1 0.753556 0.531322 0.012284 0.015230
1 0.550127 0.522557 0.021552 0.028736
1 0.638901 0.828195 0.022629 0.028095
1 0.457866 0.748707 0.020474 0.026724
1 0.499246 0.573420 0.017457 0.024425
1 0.537386 0.550078 0.018485 0.024609
1 0.550414 0.648851 0.019612 0.025287
1 0.527582 0.520983 0.019397 0.026437
1 0.512142 0.537230 0.017524 0.026181
1 0.845330 0.958698 0.023060 0.031897
1 0.554095 0.432759 0.018103 0.025287
1 0.378690 0.409095 0.018584 0.024511
1 0.427155 0.139655 0.014655 0.018391
1 0.764978 0.616810 0.017888 0.024425
1 0.449353 0.686638 0.015086 0.019253
1 0.502942 0.519578 0.018567 0.024293
1 0.453341 0.425000 0.016595 0.022414
1 0.540784 0.487540 0.022845 0.030172
1 0.523384 0.662787 0.016595 0.022701
1 0.736899 0.531836 0.016595 0.022126
1 0.505664 0.643761 0.019218 0.027011
1 0.516164 0.498563 0.016379 0.020690
1 0.475834 0.650555 0.016961 0.024155
1 0.395151 0.434626 0.016164 0.023851
1 0.340487 0.424799 0.017241 0.023563
1 0.439694 0.628940 0.018026 0.023397
1 0.681897 0.846839 0.016810 0.024138
1 0.517349 0.581034 0.012716 0.017241
1 0.440194 0.796264 0.023060 0.029885
1 0.452586 0.354885 0.017241 0.021839
1 0.445259 0.647126 0.013793 0.017816
1 0.486222 0.555448 0.017918 0.023351
1 0.438166 0.719839 0.015086 0.019828
1 0.338254 0.290661 0.019181 0.023276
1 0.542134 0.588937 0.019612 0.026724
1 0.722711 0.860086 0.018657 0.024261
1 0.337177 0.333190 0.017457 0.022701
1 0.565705 0.449980 0.017241 0.022701
1 0.366379 0.433190 0.018103 0.023276
1 0.476765 0.703167 0.016731 0.021899
1 0.653341 0.874713 0.016595 0.021839
1 0.399784 0.390805 0.018103 0.022989
1 0.462931 0.628592 0.015517 0.018678
1 0.564224 0.536638 0.018103 0.024425
1 0.607651 0.863793 0.018319 0.021839
1 0.454526 0.659195 0.017241 0.022989
1 0.683836 0.911063 0.017241 0.023276
1 0.746767 0.552299 0.012931 0.017816
1 0.551134 0.292632 0.016698 0.020897
1 0.367457 0.303305 0.016810 0.022701
1 0.530711 0.574425 0.012716 0.017241
1 0.579849 0.594971 0.020043 0.025000
1 0.353341 0.138362 0.012284 0.016379
1 0.435668 0.696983 0.014440 0.018103
1 0.753267 0.821486 0.021099 0.029261
1 0.311961 0.048420 0.020043 0.026724
1 0.856034 0.993966 0.021983 0.011494
1 0.549892 0.568534 0.017457 0.022701
1 0.426940 0.618822 0.014655 0.018678
1 0.793427 0.754167 0.020474 0.027874
1 0.483513 0.428879 0.016164 0.021552
1 0.525323 0.022414 0.014009 0.020115
1 0.822306 0.656034 0.017026 0.023563
1 0.458513 0.601293 0.014440 0.018678
1 0.665409 0.433046 0.020043 0.023563
1 0.352263 0.613218 0.017888 0.023563
1 0.774569 0.582184 0.015948 0.022989
1 0.742565 0.626006 0.015733 0.020402
1 0.594181 0.407759 0.021983 0.028736
1 0.429095 0.395546 0.016379 0.022126
1 0.447414 0.544828 0.014655 0.018966
1 0.326293 0.677730 0.023707 0.030172
1 0.759591 0.571264 0.013578 0.017816
1 0.378125 0.243966 0.016164 0.020690
1 0.795582 0.787356 0.017457 0.022414
1 0.420213 0.159626 0.018103 0.024425
1 0.315733 0.398563 0.015086 0.020115
1 0.524666 0.776339 0.024853 0.035106
1 0.286746 0.060632 0.019181 0.024138
1 0.509914 0.072126 0.013793 0.018391
1 0.359267 0.353448 0.013793 0.017816
1 0.921336 0.546552 0.013793 0.017816
1 0.624030 0.657713 0.029310 0.042816
1 0.727586 0.572557 0.013362 0.016954
1 0.578556 0.248420 0.014440 0.019828
1 0.568024 0.426905 0.015302 0.019828
1 0.852586 0.270402 0.012500 0.017241
1 0.353125 0.456897 0.016164 0.021264
1 0.718750 0.540661 0.017241 0.023276
1 0.759052 0.465086 0.017241 0.022701
1 0.707866 0.599282 0.016164 0.020977
1 0.652567 0.790615 0.021912 0.028819
1 0.995582 0.658333 0.008836 0.018391
1 0.430927 0.598276 0.014009 0.018391
1 0.877586 0.993966 0.020690 0.011494
1 0.966272 0.656322 0.017457 0.022414
1 0.459698 0.834339 0.022845 0.028448
1 0.609159 0.430603 0.020474 0.026149
1 0.816810 0.522701 0.017672 0.024138
1 0.578017 0.766810 0.019397 0.025575
1 0.185991 0.651006 0.013793 0.019253
1 0.747737 0.741092 0.023491 0.029885
1 0.752371 0.601724 0.019397 0.021839
1 0.808366 0.548695 0.018610 0.024977
1 0.691056 0.128017 0.011422 0.015805
1 0.703556 0.125575 0.013147 0.018966
1 0.699353 0.532184 0.012500 0.016667
1 0.314224 0.885920 0.019397 0.025287
1 0.737392 0.383477 0.015733 0.021552
1 0.737500 0.451724 0.015086 0.020690
1 0.379466 0.129885 0.019086 0.022414
1 0.369073 0.339080 0.014009 0.018966
1 0.476293 0.350431 0.019828 0.024425
1 0.591379 0.275000 0.013793 0.018391
1 0.657004 0.196839 0.013578 0.018391
1 0.394310 0.955897 0.021280 0.030966
1 0.918319 0.452443 0.012069 0.015230
1 0.984375 0.641667 0.016164 0.021264
1 0.771983 0.523420 0.016810 0.020977
1 0.796767 0.526724 0.017241 0.021839
1 0.658405 0.225000 0.014224 0.021839
1 0.920797 0.925718 0.020474 0.026724
1 0.460345 0.306034 0.015517 0.020690
1 0.594181 0.555747 0.020259 0.026437
1 0.927694 0.462644 0.010991 0.014368
1 0.667364 0.165276 0.012716 0.017816
1 0.651078 0.915805 0.016379 0.022989
1 0.468216 0.219089 0.013567 0.018641
1 0.773060 0.971839 0.018534 0.026437
1 0.657220 0.112787 0.010560 0.014080
1 0.694504 0.172557 0.013147 0.016954
1 0.630065 0.226006 0.016164 0.021552
1 0.242888 0.729023 0.023276 0.028736
1 0.605711 0.366667 0.019181 0.024138
1 0.570366 0.407184 0.019181 0.024138
1 0.383082 0.264080 0.014440 0.019540
1 0.186422 0.570833 0.023276 0.031322
1 0.328125 0.448994 0.015733 0.020977
1 0.517565 0.045402 0.012716 0.017241
1 0.786638 0.575575 0.013793 0.020115
1 0.327263 0.385201 0.014009 0.016954
1 0.406291 0.374112 0.017457 0.021839
1 0.484483 0.836207 0.021983 0.028161
1 0.833082 0.297414 0.011853 0.015517
1 0.357220 0.262644 0.017888 0.022414
1 0.245905 0.790948 0.018534 0.024425
1 0.627909 0.249138 0.014009 0.019540
1 0.592246 0.661790 0.026155 0.037784
1 0.354800 0.394282 0.018534 0.025000
1 0.525970 0.482615 0.015302 0.019828
1 0.697737 0.792098 0.013147 0.018103
1 0.669828 0.223132 0.012069 0.016954
1 0.677909 0.662500 0.017457 0.023276
1 0.689886 0.350210 0.019397 0.025000
1 0.644935 0.167960 0.012716 0.015805
1 0.677478 0.949138 0.018750 0.024713
1 0.234944 0.690718 0.028222 0.037184
1 0.311638 0.417960 0.012500 0.016379
1 0.698491 0.107328 0.011207 0.015230
1 0.832112 0.248994 0.014655 0.019828
1 0.246552 0.819253 0.019397 0.025287
