1 0.438429 0.558253 0.016707 0.019506
1 0.477371 0.510920 0.019397 0.028736
1 0.456897 0.582040 0.021552 0.028736
1 0.431250 0.641667 0.023707 0.027299
1 0.428125 0.669684 0.015302 0.023276
1 0.443526 0.668609 0.019595 0.024000
1 0.945360 0.513216 0.018108 0.022218
1 0.962823 0.510920 0.017457 0.020402
1 0.959586 0.485552 0.017603 0.025862
1 0.928642 0.369739 0.017239 0.025629
1 0.924353 0.397989 0.018534 0.021839
1 0.908944 0.426724 0.020474 0.019253
1 0.916164 0.446695 0.016379 0.014943
1 0.953099 0.421779 0.022123 0.028664
1 0.874414 0.273023 0.015302 0.020402
1 0.910560 0.348851 0.015302 0.024713
1 0.896121 0.323420 0.019397 0.023276
1 0.905127 0.283075 0.012284 0.019236
1 0.593591 0.113839 0.025789 0.032448
1 0.564655 0.144828 0.023922 0.033908
1 0.557435 0.101006 0.022414 0.029310
1 0.574138 0.086638 0.018750 0.025575
1 0.739655 0.123276 0.016595 0.028448
1 0.771983 0.159770 0.017672 0.020977
1 0.785129 0.304885 0.020259 0.024425
1 0.775862 0.271983 0.015517 0.029023
1 0.717996 0.348276 0.022414 0.028448
1 0.743985 0.333500 0.019181 0.025000
1 0.692026 0.350718 0.022198 0.029023
1 0.890194 0.693966 0.012500 0.017529
1 0.864116 0.577586 0.011638 0.014943
1 0.844289 0.595690 0.013147 0.015230
1 0.848060 0.610201 0.017026 0.017529
1 0.856681 0.626868 0.012931 0.014655
1 0.746659 0.609483 0.010129 0.015805
1 0.748276 0.589080 0.011638 0.014080
1 0.769073 0.615948 0.011853 0.015230
1 0.771552 0.593103 0.014440 0.016379
1 0.738362 0.598851 0.012284 0.010920
1 0.788427 0.628807 0.008746 0.012784
1 0.777694 0.621264 0.012716 0.013506
1 0.781466 0.608477 0.012716 0.014943
1 0.711961 0.381753 0.021121 0.025000
1 0.687325 0.394842 0.020903 0.028132
1 0.903653 0.245612 0.018491 0.023520
1 0.912931 0.261925 0.013793 0.018966
1 0.986638 0.680603 0.014224 0.017529
1 0.979634 0.704741 0.012716 0.016092
1 0.960414 0.698908 0.011991 0.014483
1 0.954616 0.716417 0.012086 0.014509
1 0.544403 0.492227 0.021336 0.026149
1 0.530198 0.529713 0.024858 0.030589
1 0.554526 0.444828 0.023922 0.025575
1 0.539440 0.366379 0.018319 0.022701
1 0.535560 0.323851 0.017241 0.022989
1 0.224353 0.564080 0.020259 0.022989
1 0.234483 0.528017 0.016810 0.021552
1 0.232220 0.502011 0.015302 0.022989
1 0.188147 0.538937 0.018319 0.018103
1 0.194504 0.556897 0.019612 0.021839
1 0.423276 0.431466 0.017241 0.024713
1 0.417134 0.492672 0.013362 0.020402
1 0.433082 0.477443 0.015733 0.020402
1 0.176724 0.509483 0.016164 0.020690
1 0.167565 0.523420 0.012716 0.018391
1 0.209159 0.521408 0.013147 0.017816
1 0.128125 0.242098 0.017026 0.018103
1 0.132651 0.177586 0.015302 0.018966
1 0.538039 0.566379 0.018966 0.026149
1 0.537392 0.628592 0.019181 0.027874
1 0.551185 0.660920 0.016810 0.021839
1 0.520905 0.726868 0.017026 0.023563
1 0.495554 0.724399 0.020043 0.024425
1 0.537112 0.688362 0.024485 0.031322
1 0.518289 0.703716 0.017457 0.024178
1 0.839565 0.251319 0.019608 0.027011
1 0.925946 0.297580 0.014440 0.022175
1 0.937716 0.323707 0.015086 0.021264
1 0.758728 0.365948 0.019397 0.022414
1 0.850108 0.385201 0.010991 0.014368
1 0.870366 0.421408 0.012069 0.016379
1 0.863362 0.405172 0.013147 0.016667
1 0.849461 0.402730 0.013793 0.016667
1 0.853448 0.423563 0.014655 0.018391
1 0.896336 0.482569 0.015733 0.022609
1 0.893642 0.456322 0.017457 0.021839
1 0.841810 0.452011 0.010129 0.014368
1 0.842457 0.424425 0.008405 0.012931
1 0.843319 0.437787 0.008621 0.011207
1 0.853987 0.477011 0.010129 0.012644
1 0.844397 0.484770 0.009267 0.012644
1 0.834698 0.490374 0.008621 0.012069
1 0.820528 0.480578 0.011097 0.014601
1 0.839332 0.502155 0.010776 0.012356
1 0.824677 0.503736 0.009914 0.011494
1 0.803233 0.516236 0.009698 0.013218
1 0.864116 0.614368 0.009698 0.015805
1 0.869073 0.632615 0.010345 0.015230
1 0.874030 0.615086 0.009698 0.014368
1 0.867026 0.599856 0.012716 0.016379
1 0.918534 0.600000 0.011638 0.015230
1 0.910991 0.584195 0.011638 0.014080
1 0.930603 0.594253 0.009483 0.011782
1 0.918873 0.471103 0.021552 0.025000
1 0.856034 0.498420 0.011207 0.012931
1 0.878987 0.475000 0.009267 0.012356
1 0.875754 0.444971 0.007759 0.012356
1 0.871983 0.457615 0.008405 0.012356
1 0.768966 0.539080 0.009052 0.012644
1 0.784052 0.515086 0.008836 0.010345
1 0.790733 0.504023 0.009052 0.010057
1 0.794397 0.615759 0.009655 0.012374
1 0.886254 0.718609 0.013698 0.014954
1 0.901832 0.706897 0.011853 0.016092
1 0.899569 0.723851 0.010991 0.014943
1 0.973651 0.724103 0.011772 0.015302
1 0.994073 0.712644 0.011422 0.015230
1 0.751940 0.647414 0.009914 0.012931
1 0.757328 0.667098 0.008621 0.011494
1 0.802082 0.626922 0.009591 0.012181
1 0.802802 0.642241 0.010129 0.011494
1 0.417519 0.462158 0.016810 0.023276
1 0.524657 0.468977 0.022629 0.030747
1 0.756789 0.138075 0.018750 0.026724
1 0.217241 0.333621 0.019828 0.025862
1 0.451509 0.434483 0.018534 0.023563
1 0.464763 0.414368 0.024784 0.031034
1 0.449653 0.464828 0.017026 0.022126
1 0.521978 0.500451 0.022209 0.031937
1 0.621228 0.396839 0.020905 0.028736
1 0.192349 0.498420 0.017888 0.022701
1 0.458297 0.382615 0.021336 0.029023
1 0.435668 0.447270 0.014009 0.019828
1 0.503125 0.454885 0.019181 0.027011
1 0.529203 0.652586 0.021336 0.026437
1 0.818075 0.265374 0.018319 0.025000
1 0.505711 0.595546 0.016164 0.021552
1 0.488362 0.572845 0.018534 0.025575
1 0.469720 0.657649 0.020905 0.031391
1 0.443216 0.506322 0.019828 0.025287
1 0.714763 0.447701 0.021336 0.027011
1 0.577802 0.445402 0.016810 0.022989
1 0.569397 0.478017 0.019828 0.026724
1 0.769397 0.637069 0.012500 0.015517
1 0.763470 0.385776 0.018319 0.024425
1 0.507974 0.407471 0.020259 0.025862
1 0.456034 0.488793 0.019828 0.026437
1 0.412284 0.546408 0.015517 0.018678
1 0.862069 0.237356 0.017026 0.021839
1 0.410991 0.703161 0.016810 0.024138
1 0.666056 0.417816 0.017888 0.021839
1 0.558297 0.396264 0.018750 0.023563
1 0.466466 0.460089 0.022198 0.031609
1 0.558082 0.511638 0.020043 0.024425
1 0.725970 0.423563 0.013147 0.018391
1 0.476050 0.604167 0.022845 0.030747
1 0.529418 0.436351 0.021336 0.025575
1 0.492134 0.645833 0.017026 0.023851
1 0.517349 0.636494 0.014871 0.019540
1 0.686207 0.769397 0.011638 0.015230
1 0.487284 0.397414 0.019397 0.025287
1 0.469504 0.560489 0.023060 0.029023
1 0.949461 0.392529 0.023060 0.029310
1 0.803664 0.348563 0.016379 0.020690
1 0.934267 0.445259 0.023276 0.027874
1 0.574569 0.275287 0.020259 0.027011
1 0.808297 0.017241 0.026940 0.034483
1 0.538147 0.151437 0.021121 0.027011
1 0.846444 0.579098 0.014009 0.018103
1 0.401616 0.470833 0.015733 0.020977
1 0.919289 0.325575 0.016595 0.022414
1 0.892241 0.273851 0.015948 0.021839
1 0.831593 0.474908 0.010468 0.013310
1 0.662177 0.477443 0.019181 0.025000
1 0.554310 0.344397 0.016810 0.022126
1 0.205496 0.614655 0.015302 0.018966
1 0.485237 0.481322 0.020043 0.026437
1 0.672737 0.162069 0.017888 0.023563
1 0.908726 0.307609 0.016847 0.022167
1 0.438147 0.611638 0.018534 0.024425
1 0.612284 0.166810 0.017672 0.024425
1 0.450108 0.537644 0.021336 0.026437
1 0.427909 0.506753 0.014871 0.018678
1 0.147414 0.255460 0.016379 0.020690
1 0.903448 0.736494 0.013793 0.018391
1 0.240517 0.304167 0.016810 0.022126
1 0.497196 0.695486 0.019397 0.026149
1 0.205065 0.358764 0.017026 0.021552
1 0.587284 0.483908 0.018534 0.024713
1 0.371013 0.687356 0.016164 0.020690
1 0.437500 0.407471 0.014224 0.017816
1 0.856209 0.271023 0.015948 0.022414
1 0.505172 0.628305 0.015948 0.020402
1 0.626832 0.168103 0.017457 0.023563
1 0.438685 0.579023 0.017457 0.021264
1 0.696983 0.757040 0.010776 0.014655
1 0.707004 0.413362 0.025647 0.029598
1 0.641379 0.178161 0.014655 0.019540
1 0.642672 0.198994 0.018103 0.022701
1 0.769612 0.327299 0.015948 0.021264
1 0.684483 0.612356 0.017241 0.022414
1 0.571444 0.423707 0.017457 0.023276
1 0.225431 0.735489 0.013362 0.016954
1 0.980496 0.131322 0.017026 0.023563
1 0.445151 0.690805 0.020905 0.027586
1 0.815841 0.287931 0.015302 0.018391
1 0.398060 0.689368 0.013362 0.017816
1 0.690086 0.894540 0.018534 0.025287
1 0.700970 0.744971 0.011853 0.015805
1 0.413685 0.527011 0.017026 0.019540
1 0.497198 0.109483 0.026724 0.034483
1 0.671444 0.492385 0.017026 0.023851
1 0.177263 0.472270 0.023060 0.031897
1 0.486638 0.438362 0.020690 0.027874
1 0.769612 0.664368 0.010776 0.014943
1 0.282328 0.318247 0.021552 0.025575
1 0.877694 0.706178 0.014440 0.018103
1 0.685453 0.323851 0.014871 0.020690
1 0.743429 0.404770 0.018534 0.026437
1 0.582328 0.387644 0.015517 0.018391
1 0.506358 0.651149 0.014440 0.018391
1 0.924302 0.341431 0.015401 0.020221
1 0.377263 0.707040 0.013578 0.017529
1 0.220690 0.313506 0.013362 0.016092
1 0.412931 0.680747 0.015086 0.019540
1 0.451293 0.639224 0.021552 0.027874
1 0.464547 0.344109 0.017888 0.023851
1 0.288901 0.056609 0.023922 0.033333
1 0.817457 0.776437 0.011207 0.014368
1 0.290409 0.030172 0.019612 0.025862
1 0.712500 0.757759 0.011638 0.014943
1 0.732983 0.395161 0.019845 0.029974
1 0.186530 0.346408 0.014009 0.017529
1 0.850323 0.214799 0.017888 0.025000
1 0.813147 0.762069 0.011638 0.013793
1 0.095905 0.231897 0.015086 0.018966
1 0.863578 0.481466 0.009914 0.012931
1 0.538254 0.055603 0.017457 0.023276
1 0.424569 0.699138 0.017672 0.025287
1 0.700862 0.771839 0.009914 0.013218
1 0.821552 0.233333 0.017672 0.024138
1 0.775647 0.681034 0.011638 0.013793
1 0.938737 0.492690 0.020690 0.026437
1 0.816595 0.750431 0.009483 0.012356
1 0.921511 0.275474 0.017841 0.023937
1 0.373168 0.008190 0.018750 0.016379
1 0.372414 0.664224 0.013793 0.016954
1 0.780065 0.352443 0.019181 0.027874
1 0.237716 0.744540 0.012069 0.015517
1 0.970259 0.748132 0.011638 0.015230
1 0.893442 0.295974 0.014813 0.021388
1 0.625000 0.188793 0.017241 0.023563
1 0.825431 0.765230 0.009914 0.013793
1 0.578664 0.406466 0.016379 0.019253
1 0.911207 0.489224 0.013362 0.017529
1 0.710129 0.880460 0.018534 0.024138
1 0.155280 0.155316 0.026078 0.037069
1 0.993435 0.696006 0.013129 0.017580
1 0.579957 0.360920 0.018534 0.024713
1 0.875862 0.220833 0.019397 0.023851
1 0.496767 0.137787 0.014224 0.019253
1 0.567690 0.325161 0.016414 0.026184
1 0.520690 0.576580 0.021983 0.030747
1 0.959985 0.457195 0.021263 0.028779
1 0.537392 0.077011 0.014871 0.018966
1 0.822306 0.790661 0.011853 0.014655
1 0.234806 0.322557 0.014009 0.018103
1 0.967349 0.734195 0.010991 0.013793
1 0.665302 0.449282 0.016810 0.022126
1 0.760668 0.286925 0.016164 0.022701
1 0.401401 0.049856 0.020474 0.027299
1 0.757666 0.614655 0.011392 0.014943
1 0.685453 0.484052 0.018319 0.023851
1 0.354957 0.006897 0.015517 0.013793
1 0.267996 0.076868 0.018319 0.024425
1 0.275323 0.708908 0.015733 0.020690
1 0.400754 0.512787 0.015733 0.019253
1 0.182004 0.590517 0.015733 0.019540
1 0.388793 0.670690 0.015517 0.017241
1 0.712608 0.621264 0.014440 0.020690
1 0.757112 0.600862 0.010345 0.013218
1 0.648384 0.084339 0.018319 0.022701
1 0.255065 0.303592 0.014009 0.018103
1 0.832004 0.776724 0.010560 0.013793
1 0.260991 0.702155 0.014224 0.018103
1 0.214871 0.487644 0.017672 0.023563
1 0.144612 0.456897 0.027155 0.035057
1 0.434591 0.375575 0.014009 0.018391
1 0.250539 0.403879 0.015302 0.019828
1 0.741918 0.657759 0.011422 0.014943
1 0.392780 0.647414 0.014009 0.018391
1 0.708297 0.641810 0.016164 0.021552
1 0.199461 0.467672 0.022198 0.031897
1 0.224246 0.751580 0.010129 0.013506
1 0.706034 0.906609 0.018103 0.025862
1 0.513147 0.065230 0.021121 0.027011
1 0.407759 0.667672 0.014224 0.018103
1 0.825970 0.556609 0.013578 0.018391
1 0.699784 0.818822 0.012069 0.015230
1 0.661315 0.560057 0.014871 0.018966
1 0.048599 0.459626 0.013147 0.018103
1 0.615625 0.434195 0.016164 0.020690
1 0.605819 0.087931 0.019397 0.027011
1 0.761746 0.686782 0.013147 0.015517
1 0.190948 0.625862 0.017241 0.022414
1 0.554418 0.311494 0.017457 0.024138
1 0.510345 0.029598 0.018103 0.024138
1 0.216272 0.594253 0.017888 0.021839
1 0.883190 0.354310 0.017672 0.022414
1 0.643427 0.053736 0.019612 0.026437
1 0.985668 0.722270 0.010129 0.013506
1 0.882793 0.486014 0.010129 0.012931
1 0.234375 0.094540 0.015733 0.020690
1 0.103664 0.252874 0.022845 0.028736
1 0.156681 0.285345 0.018103 0.022989
1 0.268103 0.729454 0.015086 0.019253
1 0.490733 0.746121 0.016379 0.020402
1 0.830603 0.580316 0.013362 0.016954
1 0.761207 0.407184 0.012931 0.016092
1 0.178233 0.210201 0.020259 0.026149
1 0.529310 0.285057 0.018103 0.024138
1 0.488793 0.768247 0.014655 0.018678
1 0.694397 0.590517 0.017672 0.021839
1 0.855172 0.440805 0.013793 0.016667
1 0.677047 0.914368 0.018750 0.024138
1 0.171444 0.408908 0.024784 0.033333
1 0.477586 0.627586 0.018534 0.022414
1 0.502586 0.764655 0.013793 0.016667
1 0.210453 0.742960 0.012284 0.015805
1 0.404526 0.443247 0.016810 0.020977
1 0.991056 0.152874 0.017457 0.025287
1 0.704418 0.794397 0.011422 0.014655
1 0.863039 0.255172 0.011853 0.015517
1 0.060991 0.046839 0.022414 0.029885
1 0.199461 0.035632 0.025216 0.031609
1 0.838793 0.469971 0.010776 0.014655
1 0.229310 0.543391 0.012931 0.015517
1 0.981897 0.739224 0.010345 0.013506
