1 0.116703 0.456897 0.018534 0.021839
1 0.120259 0.484339 0.027802 0.029888
1 0.116450 0.509626 0.017017 0.020402
1 0.181897 0.475431 0.025647 0.034195
1 0.203289 0.489624 0.030058 0.035698
1 0.142349 0.461063 0.026724 0.032759
1 0.180819 0.528017 0.027802 0.032759
1 0.173168 0.560920 0.026724 0.027299
1 0.217241 0.532902 0.032759 0.037069
1 0.238793 0.579310 0.020474 0.031609
1 0.233728 0.604741 0.022629 0.021839
1 0.260550 0.598716 0.021256 0.024379
1 0.253664 0.616379 0.019397 0.023276
1 0.298295 0.632302 0.018494 0.026773
1 0.254203 0.536207 0.024569 0.032759
1 0.279310 0.556753 0.019397 0.027299
1 0.287608 0.591667 0.017457 0.031609
1 0.308621 0.580747 0.022629 0.037069
1 0.244504 0.645690 0.013362 0.024713
1 0.806897 0.137356 0.019397 0.034195
1 0.835457 0.109402 0.017457 0.027299
1 0.816595 0.077155 0.016379 0.023276
1 0.773942 0.067394 0.017457 0.028736
1 0.755496 0.037845 0.017457 0.023198
1 0.767323 0.031267 0.014440 0.021839
1 0.716112 0.050678 0.016043 0.024468
1 0.752478 0.068966 0.017457 0.020402
1 0.734483 0.034770 0.018534 0.025862
1 0.034806 0.876868 0.015086 0.027874
1 0.048168 0.859195 0.017241 0.022989
1 0.057282 0.885500 0.021351 0.026724
1 0.076862 0.861006 0.022869 0.027270
1 0.091677 0.833790 0.018696 0.026201
1 0.070366 0.829454 0.018750 0.022989
1 0.036961 0.798851 0.012284 0.019253
1 0.054957 0.758190 0.015086 0.012356
1 0.067565 0.732328 0.014440 0.016379
1 0.087556 0.731026 0.016205 0.017589
1 0.070769 0.765667 0.013315 0.018741
1 0.087371 0.771776 0.016554 0.021681
1 0.103125 0.756753 0.012284 0.019253
1 0.054328 0.815322 0.021487 0.020572
1 0.091918 0.792672 0.014440 0.014368
1 0.083642 0.811244 0.015666 0.021083
1 0.115575 0.791845 0.020099 0.028552
1 0.109556 0.817764 0.019328 0.024388
1 0.119591 0.838830 0.018063 0.024121
1 0.140349 0.793336 0.016330 0.026486
1 0.121444 0.773994 0.012931 0.017241
1 0.133323 0.771842 0.013524 0.019537
1 0.124306 0.742316 0.013578 0.017241
1 0.144397 0.721695 0.011422 0.020115
1 0.153772 0.772557 0.014440 0.020115
1 0.170259 0.711638 0.017241 0.020977
1 0.206241 0.723799 0.014244 0.019928
1 0.215194 0.695402 0.012284 0.015230
1 0.220151 0.710201 0.007974 0.012356
1 0.164547 0.808908 0.012931 0.016379
1 0.359267 0.871408 0.014440 0.016667
1 0.377263 0.867960 0.015086 0.018391
1 0.392565 0.863937 0.011853 0.020977
1 0.405938 0.880405 0.014009 0.022296
1 0.420668 0.878023 0.013147 0.018954
1 0.393858 0.913649 0.011853 0.013793
1 0.402047 0.920977 0.011207 0.014943
1 0.412134 0.903822 0.015304 0.021828
1 0.441659 0.902822 0.013491 0.020144
1 0.454065 0.894966 0.012500 0.015805
1 0.466069 0.891167 0.009705 0.018339
1 0.477528 0.881928 0.010297 0.021250
1 0.446767 0.877443 0.011853 0.020115
1 0.469935 0.862213 0.009698 0.022701
0 0.471552 0.613793 0.013793 0.024138
0 0.495690 0.630460 0.015517 0.027586
0 0.507328 0.614368 0.012931 0.025287
0 0.510345 0.639080 0.015517 0.024138
0 0.524138 0.611494 0.013793 0.024138
0 0.530603 0.637356 0.012931 0.022989
1 0.366703 0.271408 0.017457 0.026149
1 0.379310 0.252874 0.019397 0.023276
1 0.395151 0.251580 0.017026 0.023276
1 0.414547 0.240661 0.020043 0.028161
1 0.423599 0.226580 0.015302 0.020115
1 0.412392 0.207902 0.015517 0.020115
1 0.396228 0.191379 0.019612 0.025575
1 0.374569 0.176724 0.018319 0.025862
1 0.373599 0.204885 0.018319 0.024425
1 0.355819 0.212931 0.019181 0.025862
1 0.361422 0.243103 0.017888 0.026724
1 0.335991 0.209770 0.017672 0.023563
1 0.309961 0.209132 0.016170 0.022853
1 0.318427 0.193534 0.018319 0.023276
1 0.340625 0.179598 0.020474 0.029885
1 0.363147 0.157615 0.021336 0.025862
1 0.311530 0.153161 0.018966 0.023276
1 0.290841 0.156034 0.016164 0.020115
1 0.299246 0.179885 0.016379 0.023851
1 0.297414 0.136782 0.013362 0.019828
1 0.276616 0.129741 0.014871 0.018678
1 0.274353 0.152730 0.014440 0.019540
1 0.276724 0.181034 0.016595 0.024425
1 0.254526 0.191523 0.018534 0.022701
1 0.246552 0.218534 0.019397 0.026437
1 0.274246 0.211207 0.020259 0.025862
1 0.262892 0.170402 0.014009 0.018966
1 0.452371 0.115086 0.018534 0.025862
1 0.451401 0.081178 0.019397 0.025000
1 0.460853 0.059730 0.016810 0.022414
1 0.469931 0.085201 0.017457 0.020977
1 0.400000 0.073994 0.020905 0.031034
1 0.362500 0.046552 0.020690 0.027299
1 0.339871 0.051006 0.017888 0.025575
1 0.342565 0.082902 0.018750 0.029598
1 0.382974 0.063075 0.018319 0.026149
1 0.387500 0.035776 0.022198 0.029310
1 0.415302 0.043534 0.019828 0.029310
1 0.444550 0.050414 0.020043 0.025287
1 0.378233 0.014943 0.022845 0.026724
1 0.329526 0.024425 0.020259 0.024425
1 0.323276 0.052730 0.015733 0.020977
1 0.482004 0.014655 0.022845 0.029310
0 0.266810 0.082759 0.018103 0.025287
0 0.244181 0.078592 0.018319 0.025862
0 0.267565 0.052874 0.018966 0.024425
0 0.247845 0.051006 0.020474 0.029023
0 0.228233 0.058190 0.015733 0.027874
1 0.037300 0.104756 0.022815 0.028761
1 0.026989 0.147945 0.028927 0.039704
1 0.015879 0.115348 0.024429 0.030983
1 0.070280 0.136701 0.025496 0.031491
1 0.051828 0.163468 0.022748 0.029698
1 0.063578 0.097701 0.026940 0.031609
1 0.520366 0.157184 0.017888 0.018966
1 0.526940 0.137787 0.014224 0.020402
1 0.541703 0.129741 0.017241 0.023851
1 0.529095 0.100287 0.017241 0.025287
1 0.558500 0.149761 0.017683 0.023917
1 0.696228 0.058908 0.018103 0.020690
1 0.687392 0.035489 0.016595 0.026437
1 0.669073 0.028497 0.017862 0.022951
1 0.664871 0.056034 0.016379 0.022701
1 0.695474 0.219540 0.031897 0.034770
1 0.697134 0.260540 0.027155 0.036207
1 0.649526 0.288897 0.021627 0.025974
1 0.667362 0.269440 0.024569 0.029885
1 0.634692 0.267023 0.020571 0.024776
1 0.655250 0.245891 0.021332 0.028529
1 0.121336 0.598132 0.023922 0.032471
1 0.138147 0.622126 0.033836 0.032759
1 0.160668 0.639224 0.028017 0.029023
1 0.130388 0.668247 0.029526 0.034770
1 0.104634 0.634914 0.027155 0.029310
1 0.342780 0.784483 0.017026 0.027586
1 0.400647 0.807759 0.024569 0.027299
0 0.422306 0.577730 0.020043 0.023276
0 0.345690 0.541092 0.017672 0.025575
0 0.384483 0.567098 0.022629 0.027299
1 0.081681 0.678736 0.024569 0.025862
1 0.049246 0.655172 0.014655 0.011782
1 0.058297 0.633477 0.016595 0.016954
1 0.068642 0.661925 0.020690 0.021552
1 0.130172 0.341954 0.017888 0.019828
1 0.110237 0.336925 0.016164 0.019253
1 0.134591 0.358621 0.018966 0.018391
1 0.316810 0.301149 0.020474 0.031322
1 0.293750 0.285920 0.024353 0.025862
1 0.320905 0.269397 0.023276 0.025287
1 0.300108 0.315661 0.014655 0.020977
1 0.375970 0.366092 0.036853 0.042816
1 0.408405 0.379741 0.029526 0.036207
1 0.385453 0.425575 0.028233 0.040230
1 0.417134 0.428736 0.029957 0.047414
1 0.345043 0.385345 0.026940 0.029885
1 0.348922 0.416379 0.024353 0.024138
0 0.400216 0.588218 0.022198 0.027011
1 0.026724 0.761494 0.020905 0.026724
1 0.022953 0.733046 0.017672 0.020690
1 0.122603 0.316523 0.015733 0.021264
1 0.123599 0.304885 0.014655 0.015805
0 0.280864 0.068175 0.018103 0.025575
1 0.191595 0.713793 0.015948 0.022414
1 0.041164 0.838075 0.019828 0.026149
1 0.756450 0.098914 0.020530 0.026437
1 0.365302 0.078305 0.025431 0.031322
1 0.125970 0.712644 0.018750 0.025862
1 0.018427 0.638075 0.019181 0.025000
1 0.137487 0.750733 0.016784 0.022675
1 0.159267 0.749856 0.016379 0.022126
1 0.065841 0.660632 0.018319 0.025287
1 0.107435 0.139799 0.020905 0.026149
1 0.185237 0.060201 0.019181 0.024425
1 0.379802 0.228667 0.020259 0.025287
1 0.159483 0.729598 0.014224 0.018391
1 0.350838 0.022310 0.020259 0.027299
1 0.069397 0.614080 0.015948 0.019540
1 0.146552 0.701580 0.013362 0.017529
1 0.077586 0.638649 0.017672 0.024425
1 0.733836 0.058477 0.016810 0.025575
1 0.115302 0.116379 0.018966 0.025862
1 0.274784 0.630460 0.022414 0.032184
1 0.495905 0.979598 0.016810 0.025287
1 0.707287 0.025724 0.021134 0.029549
1 0.048384 0.654454 0.014871 0.019253
1 0.058082 0.632902 0.018319 0.025000
1 0.099784 0.177443 0.018103 0.023276
1 0.728017 0.008333 0.017672 0.016667
1 0.688470 0.079023 0.017026 0.024138
1 0.431681 0.722414 0.015517 0.020690
1 0.418319 0.832759 0.014655 0.020690
1 0.436530 0.824856 0.014871 0.020402
1 0.453448 0.709195 0.015517 0.022414
1 0.326293 0.535057 0.013362 0.018391
1 0.132543 0.575431 0.015948 0.022126
1 0.811269 0.102155 0.018319 0.024425
1 0.443963 0.010776 0.022414 0.021552
1 0.005711 0.891954 0.011422 0.021264
1 0.433405 0.847126 0.016379 0.023563
1 0.222953 0.015661 0.019612 0.023851
1 0.176832 0.675575 0.015733 0.021264
1 0.383944 0.093247 0.017457 0.022701
1 0.389440 0.275000 0.016810 0.024138
1 0.103341 0.717960 0.013578 0.018103
1 0.613685 0.965948 0.020474 0.028448
1 0.359698 0.497557 0.016810 0.023276
1 0.259052 0.562500 0.020690 0.027874
1 0.576509 0.788362 0.016810 0.023851
1 0.076078 0.924282 0.018103 0.025575
1 0.564440 0.172845 0.015517 0.020977
1 0.510453 0.966092 0.015733 0.024713
1 0.059375 0.908046 0.017457 0.019540
1 0.051185 0.679310 0.017457 0.023563
1 0.610668 0.248420 0.019612 0.025000
1 0.534483 0.892385 0.020259 0.027299
1 0.095690 0.224282 0.017241 0.022126
1 0.099677 0.870115 0.015302 0.020690
1 0.498922 0.944109 0.018966 0.025575
1 0.235453 0.627299 0.016595 0.021839
1 0.405496 0.768103 0.023060 0.032759
1 0.016918 0.527299 0.014009 0.017816
1 0.329526 0.158770 0.015517 0.020115
1 0.210022 0.436925 0.018319 0.025000
1 0.297306 0.221983 0.019181 0.024425
1 0.047629 0.505747 0.015517 0.021264
1 0.664013 0.078592 0.015517 0.020977
1 0.794612 0.116810 0.015948 0.023276
1 0.084591 0.086351 0.022629 0.027299
1 0.403233 0.840661 0.013793 0.020402
1 0.694987 0.292322 0.021248 0.026971
1 0.639440 0.324526 0.020774 0.032158
1 0.189763 0.787787 0.019181 0.025000
1 0.052047 0.550718 0.021336 0.031322
1 0.257543 0.673851 0.015086 0.020115
1 0.618890 0.338960 0.023276 0.032184
1 0.596228 0.898276 0.018750 0.027586
1 0.082543 0.325000 0.018534 0.023563
1 0.288147 0.497845 0.017241 0.025000
1 0.170582 0.974713 0.014440 0.019540
1 0.080819 0.900431 0.015517 0.020402
1 0.118030 0.866917 0.016496 0.022210
1 0.136422 0.554310 0.013793 0.017816
1 0.432866 0.093641 0.019612 0.027011
1 0.051832 0.794253 0.014871 0.020115
1 0.577478 0.844397 0.014009 0.021552
1 0.100323 0.115661 0.020043 0.026149
1 0.215733 0.458477 0.014655 0.018678
1 0.123815 0.910489 0.013147 0.018103
1 0.224138 0.125862 0.014224 0.018391
1 0.199353 0.693822 0.015086 0.020977
1 0.568319 0.114943 0.019828 0.025287
1 0.718584 0.241284 0.023366 0.032428
1 0.383190 0.752443 0.021983 0.031322
1 0.563470 0.829023 0.014871 0.021264
1 0.561961 0.804023 0.014009 0.020690
1 0.520582 0.988649 0.024784 0.022126
1 0.150323 0.573994 0.018319 0.023851
1 0.782149 0.044106 0.017601 0.022693
1 0.192134 0.156897 0.016595 0.022414
1 0.755065 0.126437 0.014871 0.022414
1 0.633944 0.850575 0.022629 0.033333
1 0.326293 0.227155 0.015517 0.021552
1 0.233513 0.768822 0.018750 0.024425
1 0.196552 0.079454 0.017672 0.022701
1 0.267241 0.446264 0.012931 0.016667
1 0.186207 0.993678 0.016810 0.012069
1 0.168427 0.783764 0.015302 0.020402
1 0.463578 0.687644 0.015517 0.023563
1 0.308836 0.352586 0.014655 0.018966
1 0.014116 0.550431 0.014009 0.019253
1 0.095259 0.306466 0.014224 0.017529
1 0.291379 0.195546 0.017241 0.023851
1 0.165517 0.030891 0.021121 0.027299
1 0.322522 0.074856 0.017026 0.024425
1 0.561746 0.898707 0.019181 0.026724
1 0.563362 0.776006 0.016810 0.023276
1 0.138685 0.082184 0.019612 0.024138
1 0.644504 0.169540 0.018750 0.025287
1 0.172845 0.764224 0.013793 0.018678
1 0.744073 0.013649 0.013147 0.018678
1 0.102047 0.660632 0.014009 0.018391
1 0.492349 0.157615 0.013578 0.018103
1 0.465302 0.024425 0.021983 0.032184
1 0.156681 0.798851 0.014655 0.020690
1 0.157220 0.679454 0.013578 0.018678
1 0.355603 0.813362 0.018966 0.026724
1 0.521336 0.868534 0.016379 0.025000
1 0.155065 0.968391 0.014440 0.020115
1 0.067552 0.166126 0.015707 0.021911
1 0.207004 0.616523 0.019612 0.025000
1 0.469720 0.973132 0.020043 0.026149
1 0.179095 0.616092 0.023276 0.029885
1 0.142672 0.041379 0.020259 0.026437
1 0.678341 0.095259 0.014009 0.018678
1 0.414399 0.014052 0.018103 0.023563
1 0.187177 0.741092 0.014871 0.021839
1 0.326724 0.246552 0.016379 0.021264
1 0.215517 0.068966 0.017672 0.021264
1 0.538345 0.164032 0.017672 0.023276
1 0.428664 0.902299 0.015517 0.021839
1 0.672953 0.297557 0.020474 0.025575
0 0.260022 0.654241 0.014009 0.018678
1 0.121013 0.163937 0.022629 0.031897
1 0.290409 0.352730 0.014009 0.019253
1 0.500431 0.902443 0.016810 0.023276
1 0.212392 0.645977 0.019181 0.025287
1 0.247306 0.125575 0.014871 0.018966
1 0.062392 0.518247 0.014009 0.017529
1 0.576832 0.813218 0.014009 0.021839
1 0.578879 0.204741 0.016810 0.023276
1 0.438039 0.133621 0.015302 0.020115
1 0.625647 0.034914 0.020690 0.026724
1 0.159806 0.937787 0.014871 0.018678
1 0.157651 0.921552 0.014440 0.019540
1 0.550647 0.870833 0.018534 0.025575
1 0.233513 0.744971 0.013147 0.018678
1 0.232974 0.710345 0.014224 0.019540
1 0.378233 0.698276 0.016379 0.022414
1 0.044739 0.773779 0.018336 0.023997
1 0.123707 0.385201 0.015086 0.020402
1 0.374353 0.932471 0.015086 0.020690
1 0.877155 0.729741 0.024138 0.033046
1 0.043534 0.484195 0.014224 0.018966
1 0.051616 0.740805 0.014009 0.018966
1 0.608297 0.212787 0.017888 0.024425
1 0.184914 0.182615 0.013793 0.018103
1 0.258513 0.238793 0.018750 0.024138
1 0.364332 0.464799 0.020905 0.026149
1 0.437392 0.704167 0.015302 0.021552
1 0.744935 0.284914 0.018319 0.024425
1 0.447737 0.684339 0.017457 0.023276
1 0.005711 0.393103 0.011422 0.021264
1 0.075323 0.599425 0.012284 0.016092
1 0.254849 0.471121 0.014009 0.019253
1 0.352802 0.747126 0.021121 0.028161
1 0.375000 0.827874 0.021552 0.028736
1 0.398599 0.711638 0.021767 0.027299
1 0.676724 0.321839 0.016810 0.022414
1 0.367565 0.310345 0.014871 0.018966
1 0.614009 0.014080 0.014655 0.020115
1 0.075754 0.265661 0.017888 0.022701
1 0.200000 0.139511 0.016379 0.020977
1 0.117672 0.562931 0.015517 0.021839
1 0.392996 0.896839 0.019181 0.026437
1 0.359267 0.433764 0.021983 0.029598
1 0.144397 0.527586 0.024569 0.031034
1 0.320905 0.516523 0.012931 0.018103
1 0.623060 0.927155 0.017241 0.024425
1 0.790899 0.086914 0.019612 0.026724
1 0.436856 0.879684 0.013364 0.024543
1 0.361315 0.699713 0.017457 0.024138
1 0.278125 0.519397 0.015733 0.022701
1 0.054957 0.985489 0.017672 0.020402
1 0.166379 0.993534 0.015517 0.012356
1 0.136099 0.115230 0.021336 0.025287
1 0.485129 0.201724 0.015086 0.020690
1 0.430496 0.029023 0.016164 0.021264
1 0.341487 0.510057 0.014440 0.019540
1 0.199390 0.051888 0.016022 0.022661
1 0.218966 0.987787 0.014655 0.018678
1 0.419612 0.069828 0.020259 0.026437
0 0.328664 0.350057 0.012500 0.015805
1 0.090948 0.603305 0.013362 0.018678
1 0.291056 0.377299 0.014009 0.020115
1 0.006789 0.869540 0.013578 0.019540
1 0.156142 0.494971 0.026078 0.034195
1 0.138685 0.902299 0.011853 0.017241
1 0.206806 0.569124 0.025431 0.032471
1 0.034698 0.660776 0.015086 0.020977
1 0.579957 0.889943 0.018103 0.024713
1 0.107974 0.678017 0.014655 0.019253
1 0.125179 0.134184 0.015933 0.023540
1 0.399892 0.524713 0.020474 0.024713
1 0.456586 0.871138 0.011524 0.020690
1 0.381142 0.509770 0.017888 0.022414
1 0.378017 0.485489 0.020690 0.025575
1 0.260129 0.139368 0.015086 0.020115
1 0.478556 0.946695 0.014440 0.020402
1 0.106358 0.854167 0.014009 0.018678
1 0.290733 0.327443 0.013362 0.017529
1 0.007112 0.985489 0.014224 0.026149
1 0.380603 0.726724 0.018966 0.024713
0 0.350739 0.360224 0.013366 0.016876
0 0.337284 0.361552 0.012500 0.015805
0 0.341595 0.367299 0.012500 0.015805
0 0.323136 0.596109 0.021147 0.029960
