1 0.343435 0.402693 0.018065 0.031026
1 0.343750 0.440086 0.026940 0.031034
1 0.358621 0.470690 0.020690 0.027586
1 0.362345 0.370690 0.019088 0.026437
1 0.359052 0.406609 0.021552 0.040805
1 0.306466 0.420402 0.022414 0.029885
1 0.317241 0.468822 0.020690 0.028736
1 0.340625 0.488649 0.017026 0.022701
1 0.332959 0.535494 0.024970 0.037368
1 0.314821 0.506362 0.021552 0.031034
1 0.364091 0.506034 0.022500 0.033621
1 0.378772 0.531753 0.019828 0.039655
1 0.359483 0.549713 0.018750 0.027586
1 0.388649 0.562049 0.022274 0.032399
1 0.409599 0.584483 0.024414 0.034770
1 0.415625 0.622701 0.021552 0.034770
1 0.402377 0.520928 0.020996 0.029296
1 0.461627 0.645124 0.026940 0.039655
1 0.444134 0.681382 0.026795 0.039934
1 0.387957 0.630451 0.021552 0.032471
1 0.588791 0.065394 0.020259 0.030460
1 0.607112 0.039368 0.017672 0.033908
1 0.636364 0.045259 0.027619 0.038793
1 0.628017 0.013218 0.018966 0.021839
1 0.668642 0.068103 0.024138 0.037069
1 0.644504 0.088362 0.024138 0.033908
1 0.609358 0.124767 0.019375 0.025287
1 0.642026 0.119684 0.021552 0.028736
1 0.697737 0.025862 0.016379 0.023563
1 0.706681 0.057184 0.024138 0.032184
1 0.206737 0.208612 0.025761 0.032055
1 0.233728 0.244828 0.018966 0.032184
1 0.262909 0.247218 0.024097 0.033805
1 0.242026 0.211782 0.027802 0.037069
1 0.271767 0.175431 0.026724 0.032184
1 0.307328 0.172989 0.021552 0.033908
1 0.331528 0.156845 0.023787 0.031325
1 0.360560 0.166092 0.021552 0.030460
1 0.329526 0.207615 0.027802 0.032184
1 0.294151 0.246922 0.029276 0.037833
1 0.347659 0.232902 0.022278 0.028736
1 0.162177 0.792385 0.015302 0.038793
1 0.187500 0.814368 0.022845 0.038793
1 0.231897 0.828736 0.022845 0.037069
1 0.102586 0.849856 0.022845 0.035632
1 0.141810 0.870977 0.032974 0.040517
1 0.212177 0.853305 0.031681 0.038793
1 0.179310 0.886207 0.031681 0.033908
1 0.224892 0.902299 0.026724 0.038793
1 0.252155 0.920833 0.032974 0.035632
1 0.264224 0.880316 0.024138 0.035632
1 0.269935 0.957184 0.017672 0.030460
1 0.306681 0.886207 0.012716 0.027011
1 0.314224 0.934483 0.025431 0.038793
1 0.309159 0.978305 0.030388 0.035632
1 0.344073 0.920833 0.014009 0.021839
1 0.358621 0.955603 0.025431 0.033908
1 0.817780 0.932471 0.025647 0.032759
1 0.817888 0.896695 0.025431 0.029023
1 0.843103 0.882040 0.029310 0.037069
1 0.844073 0.920115 0.027371 0.030460
1 0.874246 0.903736 0.028879 0.031897
1 0.897522 0.880799 0.025862 0.026724
1 0.423276 0.025575 0.034052 0.036782
1 0.391056 0.047845 0.030388 0.033621
1 0.359591 0.050862 0.027586 0.038793
1 0.385453 0.103305 0.027371 0.039368
1 0.422845 0.081322 0.027802 0.044828
1 0.394397 0.142241 0.026293 0.037931
1 0.427694 0.153592 0.032543 0.040517
1 0.508513 0.173563 0.029957 0.041954
1 0.495366 0.223707 0.033621 0.052011
1 0.468534 0.165230 0.033405 0.042816
1 0.461099 0.225575 0.025647 0.038793
1 0.597306 0.543103 0.036853 0.050000
1 0.620093 0.599129 0.037834 0.048572
1 0.658791 0.574325 0.029438 0.046466
1 0.640302 0.553305 0.028448 0.040805
1 0.636099 0.514224 0.027586 0.035632
1 0.669935 0.516667 0.028017 0.040517
1 0.495582 0.630747 0.026078 0.037356
1 0.472091 0.600144 0.031034 0.041092
1 0.492349 0.575575 0.030172 0.037644
1 0.386746 0.797270 0.030603 0.034770
1 0.352371 0.816523 0.027586 0.035920
1 0.440409 0.935201 0.027586 0.034770
1 0.388556 0.929273 0.024353 0.035345
1 0.405293 0.945555 0.018694 0.029868
1 0.467948 0.948796 0.029526 0.032759
1 0.379418 0.894253 0.025000 0.033621
1 0.967737 0.108500 0.025170 0.035589
1 0.941056 0.131322 0.021767 0.030460
0 0.818681 0.076931 0.018103 0.025000
1 0.807328 0.104598 0.025000 0.030460
1 0.834267 0.137787 0.019828 0.028736
0 0.802134 0.056842 0.019397 0.024138
1 0.950970 0.216092 0.023276 0.030172
1 0.990194 0.252155 0.019612 0.036207
1 0.974136 0.186764 0.020780 0.026307
1 0.948599 0.191954 0.017888 0.027011
1 0.879095 0.307471 0.022845 0.029885
1 0.868319 0.260345 0.014440 0.023276
1 0.841412 0.297514 0.021614 0.029112
1 0.604310 0.419744 0.021552 0.031974
1 0.206250 0.126724 0.022845 0.037644
1 0.559159 0.574138 0.020043 0.027586
1 0.258190 0.367241 0.021767 0.035920
1 0.251509 0.328161 0.020905 0.034483
1 0.476616 0.119971 0.036853 0.040517
1 0.417672 0.282759 0.022198 0.041667
1 0.442349 0.258764 0.020259 0.031609
1 0.451616 0.287644 0.023922 0.030172
1 0.658082 0.677874 0.021121 0.024713
1 0.643858 0.716379 0.015733 0.024713
1 0.623638 0.682463 0.019808 0.026466
1 0.692888 0.669684 0.015302 0.025575
1 0.669504 0.709770 0.017026 0.022701
1 0.708405 0.696408 0.015733 0.023276
1 0.601078 0.683333 0.017026 0.024425
1 0.619935 0.719397 0.016379 0.024713
1 0.586315 0.747557 0.017888 0.025000
1 0.554741 0.741236 0.015302 0.023563
1 0.568858 0.720402 0.018534 0.024138
1 0.568642 0.821408 0.020043 0.025287
1 0.589655 0.792672 0.018319 0.029885
1 0.599138 0.849713 0.021336 0.027011
1 0.596623 0.958509 0.027011 0.032534
1 0.592026 0.912931 0.024784 0.035920
1 0.570744 0.984770 0.029228 0.030460
1 0.621121 0.979023 0.031897 0.035345
1 0.621121 0.942672 0.028017 0.033333
1 0.575216 0.877874 0.022845 0.029023
1 0.556573 0.866379 0.017241 0.023276
1 0.615086 0.886063 0.019828 0.029023
1 0.556250 0.804167 0.019181 0.026437
1 0.559914 0.768678 0.019181 0.025287
1 0.553017 0.689655 0.017457 0.022126
1 0.686530 0.732759 0.020474 0.029023
1 0.653448 0.656753 0.021121 0.022126
1 0.737056 0.683428 0.024136 0.034807
1 0.759159 0.707184 0.021336 0.029885
0 0.764655 0.244109 0.029310 0.039080
1 0.935129 0.439511 0.018103 0.025000
1 0.978125 0.209914 0.021336 0.027874
1 0.912069 0.699713 0.022845 0.031034
1 0.930819 0.176293 0.018534 0.025000
1 0.732435 0.551437 0.016164 0.022989
1 0.617241 0.451868 0.021552 0.029023
1 0.777478 0.040086 0.017026 0.024425
1 0.600431 0.378736 0.020690 0.029310
1 0.708297 0.698132 0.020905 0.030172
1 0.756358 0.144540 0.015733 0.021264
1 0.867565 0.952299 0.023060 0.031609
1 0.747522 0.753736 0.018750 0.027011
1 0.910668 0.736782 0.019612 0.027586
1 0.781466 0.067098 0.019397 0.027874
1 0.823060 0.335201 0.023276 0.034195
1 0.785237 0.095259 0.017888 0.023851
1 0.276293 0.345690 0.018966 0.028161
1 0.506011 0.544371 0.023491 0.031897
1 0.803017 0.013218 0.020259 0.026437
1 0.830711 0.264655 0.017026 0.022989
1 0.566810 0.450144 0.025862 0.035920
1 0.709591 0.538218 0.017026 0.023563
1 0.868103 0.864368 0.025431 0.033908
1 0.969073 0.240230 0.020905 0.028736
1 0.994504 0.418391 0.010560 0.022989
1 0.646552 0.769253 0.016379 0.021264
1 0.546875 0.717672 0.016595 0.022701
1 0.928017 0.214224 0.019828 0.026149
1 0.532483 0.527796 0.022629 0.031897
1 0.833836 0.052730 0.018103 0.026149
1 0.994612 0.208477 0.010345 0.027874
1 0.188685 0.242672 0.025216 0.036494
1 0.563254 0.538793 0.019181 0.026437
1 0.562284 0.405891 0.022845 0.032471
1 0.473815 0.547126 0.020043 0.028736
1 0.347845 0.333764 0.019828 0.027874
1 0.958513 0.172270 0.015733 0.019828
1 0.873731 0.826586 0.025647 0.034770
1 0.726401 0.727011 0.018319 0.022989
1 0.780496 0.778879 0.020905 0.026724
1 0.496875 0.749569 0.022629 0.033046
1 0.616487 0.165517 0.017888 0.026437
1 0.531466 0.710920 0.018966 0.024713
0 0.763254 0.644971 0.017457 0.022126
1 0.823384 0.020259 0.018750 0.027874
1 0.841164 0.328017 0.015517 0.022126
1 0.924892 0.575431 0.019181 0.025000
1 0.800431 0.868822 0.023707 0.032471
1 0.808836 0.777299 0.025862 0.032759
1 0.887931 0.680460 0.017241 0.024713
1 0.550539 0.152011 0.022629 0.031609
1 0.474892 0.018103 0.022629 0.033333
1 0.991272 0.395402 0.017457 0.022989
1 0.230716 0.343690 0.022765 0.032707
1 0.939116 0.161494 0.017026 0.021839
1 0.531034 0.560776 0.020690 0.029023
1 0.851185 0.518534 0.018750 0.026149
1 0.912931 0.452874 0.018103 0.027011
1 0.829526 0.369684 0.027155 0.034770
1 0.990302 0.070690 0.018966 0.030460
1 0.848707 0.840517 0.021983 0.029885
1 0.892780 0.799425 0.018750 0.024713
1 0.757328 0.089799 0.017241 0.022126
1 0.282220 0.041954 0.016595 0.025862
1 0.694289 0.558046 0.017457 0.022989
1 0.499569 0.436351 0.019397 0.027874
1 0.537931 0.739511 0.013793 0.019253
1 0.847737 0.687644 0.020474 0.025287
1 0.579634 0.117098 0.021336 0.029598
1 0.923060 0.909626 0.024569 0.032471
1 0.745474 0.228448 0.015086 0.020690
1 0.992241 0.304454 0.015517 0.027874
1 0.538901 0.595546 0.020043 0.027874
1 0.775431 0.145259 0.017672 0.024425
1 0.435453 0.318822 0.020905 0.030172
1 0.933621 0.550718 0.024138 0.032471
1 0.219397 0.311494 0.019828 0.027011
1 0.867672 0.329885 0.016810 0.021839
1 0.616272 0.266954 0.024784 0.036782
1 0.841056 0.407184 0.015733 0.021839
1 0.428233 0.888075 0.022845 0.031897
1 0.307651 0.885489 0.025647 0.035345
1 0.796875 0.135632 0.018750 0.024713
1 0.517026 0.586638 0.021121 0.030172
1 0.526616 0.822126 0.016164 0.021839
1 0.607543 0.826006 0.019397 0.025575
1 0.328233 0.852155 0.022845 0.029023
1 0.725000 0.338649 0.018103 0.023851
1 0.743427 0.171552 0.015733 0.021264
1 0.612823 0.073994 0.024353 0.036494
1 0.513793 0.797845 0.014655 0.020977
1 0.738147 0.198707 0.015517 0.022126
1 0.696659 0.256466 0.019181 0.026149
1 0.636638 0.393103 0.024569 0.035057
1 0.775431 0.010057 0.020259 0.020115
1 0.755388 0.277155 0.021121 0.028448
1 0.895151 0.951006 0.020043 0.025575
1 0.397414 0.300718 0.016810 0.026724
1 0.455172 0.909914 0.021552 0.029598
1 0.805711 0.972557 0.016164 0.019828
1 0.655496 0.367098 0.021336 0.030747
1 0.745582 0.335201 0.018319 0.024425
1 0.407866 0.194684 0.020474 0.029023
1 0.947306 0.570259 0.018319 0.025000
1 0.235412 0.389494 0.027728 0.038652
1 0.412069 0.326293 0.017241 0.023851
1 0.926078 0.043678 0.014655 0.018391
1 0.218103 0.275287 0.021552 0.032184
1 0.762500 0.113649 0.015948 0.019828
1 0.792996 0.913649 0.019181 0.023851
1 0.694828 0.811782 0.018103 0.023563
1 0.709591 0.801868 0.017888 0.023276
1 0.822198 0.850287 0.017672 0.023563
1 0.345259 0.367241 0.019397 0.027011
1 0.109698 0.613506 0.024138 0.033908
1 0.763362 0.759339 0.016810 0.023276
1 0.881681 0.932902 0.017241 0.022701
1 0.619720 0.804310 0.017457 0.024138
1 0.929957 0.876437 0.022845 0.033333
1 0.723491 0.824282 0.025862 0.034195
1 0.220259 0.155172 0.024569 0.034483
1 0.612608 0.232328 0.016595 0.022701
1 0.461853 0.883764 0.016810 0.020977
1 0.798491 0.742960 0.025000 0.034195
1 0.843642 0.190374 0.016164 0.022126
1 0.675754 0.135201 0.015733 0.022126
1 0.821121 0.673707 0.019397 0.024425
1 0.634375 0.226437 0.018319 0.024713
1 0.845043 0.166667 0.017241 0.024138
1 0.593642 0.455460 0.018750 0.024713
1 0.964009 0.069253 0.025000 0.032759
1 0.882220 0.548420 0.024353 0.034195
1 0.832543 0.794971 0.022414 0.027874
1 0.516379 0.450575 0.016810 0.025287
1 0.475323 0.331753 0.020905 0.028448
1 0.850216 0.584052 0.012069 0.016379
1 0.289224 0.008621 0.015517 0.017241
1 0.937177 0.084483 0.017888 0.022414
1 0.983728 0.332902 0.017457 0.023851
1 0.299461 0.214368 0.024784 0.034483
1 0.566011 0.952874 0.023491 0.030460
1 0.731034 0.088649 0.015517 0.021552
1 0.623276 0.194109 0.018103 0.025000
1 0.947091 0.598420 0.016164 0.022126
1 0.588578 0.484052 0.019397 0.029023
1 0.620259 0.417816 0.016379 0.024138
1 0.323922 0.332184 0.015086 0.022989
1 0.907004 0.162356 0.015733 0.021839
1 0.719073 0.314368 0.018319 0.025287
1 0.189009 0.150431 0.023707 0.034195
1 0.591272 0.258046 0.013578 0.019540
1 0.675970 0.847270 0.025216 0.033621
1 0.495151 0.006753 0.016595 0.013506
1 0.937608 0.939080 0.019181 0.024713
1 0.157543 0.289943 0.021121 0.028736
1 0.986099 0.617672 0.016595 0.020402
1 0.491487 0.871983 0.017888 0.023851
1 0.893211 0.708764 0.021336 0.029023
1 0.803556 0.990661 0.019612 0.018103
1 0.793319 0.318391 0.023276 0.032759
1 0.685022 0.217816 0.018319 0.023563
1 0.934698 0.690948 0.018966 0.023851
1 0.947845 0.508190 0.025862 0.032471
1 0.442903 0.610057 0.026293 0.038506
1 0.381681 0.459052 0.015086 0.022701
1 0.678017 0.798994 0.019828 0.030747
1 0.571925 0.079598 0.017026 0.026437
1 0.696228 0.315086 0.019612 0.026149
1 0.794289 0.663649 0.016595 0.021552
1 0.495582 0.523851 0.017888 0.024138
1 0.658621 0.473132 0.020259 0.029598
1 0.389763 0.012356 0.027802 0.024713
1 0.519073 0.611207 0.017888 0.025287
1 0.520905 0.416667 0.023276 0.029885
1 0.668211 0.022126 0.027802 0.036207
1 0.494073 0.286782 0.017026 0.023563
1 0.626616 0.141523 0.020474 0.026149
0 0.755440 0.789368 0.014871 0.018966
1 0.665841 0.217241 0.018319 0.026437
1 0.613362 0.491092 0.027586 0.036782
1 0.738362 0.367098 0.022414 0.031322
1 0.320151 0.239511 0.021336 0.031322
1 0.812500 0.300718 0.024138 0.029598
1 0.532220 0.308333 0.026509 0.035632
1 0.835668 0.220402 0.024353 0.028736
1 0.564009 0.180029 0.019397 0.030747
1 0.975000 0.474138 0.025000 0.036207
1 0.414978 0.922845 0.023060 0.030172
1 0.387177 0.213937 0.020905 0.030172
1 0.721121 0.153017 0.015948 0.021552
1 0.911099 0.510489 0.017888 0.025575
1 0.527047 0.025000 0.017888 0.026437
1 0.597522 0.095833 0.021336 0.029023
1 0.139547 0.969828 0.028233 0.039080
1 0.857112 0.623563 0.025000 0.033908
1 0.543642 0.020690 0.013578 0.020690
1 0.939116 0.410632 0.014871 0.021264
1 0.383065 0.592129 0.021552 0.032471
1 0.367377 0.576830 0.018177 0.031816
