0 0.230065 0.518534 0.019397 0.030172
0 0.252155 0.501437 0.022629 0.031609
0 0.291703 0.610201 0.025647 0.041092
0 0.317349 0.627874 0.025647 0.035632
0 0.327586 0.584770 0.029741 0.042529
0 0.353772 0.614943 0.026724 0.034195
0 0.309159 0.564368 0.023707 0.028736
0 0.343534 0.645690 0.020474 0.032759
0 0.337284 0.692960 0.020474 0.025862
0 0.121336 0.215374 0.023707 0.034195
0 0.115625 0.261207 0.020474 0.032759
0 0.141810 0.263218 0.027802 0.042529
0 0.167996 0.281753 0.026724 0.043678
0 0.155172 0.862644 0.021552 0.028736
0 0.328664 0.856466 0.025647 0.032759
0 0.350647 0.829741 0.028664 0.042529
0 0.318858 0.830460 0.022629 0.027299
0 0.306433 0.806092 0.020409 0.030779
0 0.246552 0.822925 0.019397 0.031609
0 0.264978 0.846839 0.021552 0.024713
0 0.287916 0.843555 0.021552 0.034195
0 0.291164 0.790086 0.024569 0.034195
0 0.355819 0.744253 0.024569 0.035632
0 0.237392 0.031897 0.029741 0.045402
0 0.268319 0.031897 0.032328 0.035920
0 0.200539 0.110201 0.027802 0.032471
0 0.233397 0.095761 0.026940 0.038218
1 0.491918 0.212644 0.021552 0.033621
1 0.510776 0.234770 0.021552 0.037069
1 0.548060 0.253305 0.027802 0.033621
1 0.569080 0.236124 0.017026 0.027586
1 0.455603 0.225862 0.018966 0.033621
1 0.474892 0.241379 0.023276 0.035920
1 0.475754 0.172557 0.019828 0.032471
1 0.499569 0.173132 0.022414 0.035920
1 0.523815 0.180891 0.024138 0.037069
1 0.556142 0.214658 0.022414 0.037069
1 0.187069 0.222414 0.023922 0.030747
1 0.191703 0.255172 0.020690 0.028736
1 0.217134 0.243391 0.026940 0.048276
1 0.246013 0.228017 0.030819 0.041954
1 0.271013 0.204454 0.026940 0.037931
0 0.298974 0.169273 0.033190 0.048276
1 0.263987 0.157672 0.029853 0.040299
1 0.247522 0.182264 0.020043 0.026724
1 0.215188 0.188566 0.025972 0.034770
1 0.192888 0.193103 0.027802 0.031897
1 0.231086 0.151083 0.026836 0.036175
0 0.289918 0.122845 0.032328 0.043103
0 0.316056 0.094618 0.033836 0.046264
0 0.285237 0.091092 0.026078 0.024713
0 0.324940 0.133684 0.026940 0.037931
0 0.355506 0.117241 0.034388 0.048276
0 0.362224 0.052011 0.024569 0.039080
1 0.396121 0.059195 0.026078 0.034770
0 0.376509 0.095115 0.025431 0.032759
1 0.323707 0.066379 0.020043 0.026724
1 0.332974 0.033621 0.021552 0.032759
0 0.480832 0.747557 0.030737 0.037356
0 0.459375 0.751868 0.022198 0.036494
0 0.345151 0.897989 0.019181 0.030747
0 0.360912 0.915106 0.021065 0.028698
0 0.385112 0.912848 0.020043 0.028736
0 0.401832 0.910345 0.014440 0.025575
0 0.376293 0.944397 0.019181 0.027586
0 0.287716 0.523420 0.025647 0.030747
1 0.088627 0.700330 0.019944 0.032856
1 0.151293 0.701149 0.018103 0.040230
1 0.161638 0.639080 0.016379 0.024138
1 0.188793 0.653448 0.018966 0.027586
1 0.194397 0.696552 0.019828 0.028736
0 0.237700 0.659273 0.015976 0.020842
1 0.296121 0.689080 0.014655 0.029885
1 0.062608 0.932040 0.020690 0.026724
1 0.085345 0.949713 0.018319 0.025575
1 0.064978 0.967816 0.020690 0.023276
1 0.104849 0.961925 0.019181 0.028736
1 0.138793 0.957615 0.018319 0.030747
1 0.095888 0.917874 0.017922 0.030109
1 0.149138 0.906034 0.020043 0.029885
1 0.236961 0.887931 0.021552 0.031897
1 0.250970 0.864511 0.017457 0.029885
1 0.192672 0.924138 0.015948 0.027586
1 0.205496 0.918247 0.017457 0.026724
1 0.213039 0.941667 0.018319 0.024425
1 0.191429 0.961836 0.021666 0.033221
1 0.193103 0.986351 0.020043 0.016092
1 0.214224 0.968822 0.017457 0.025575
1 0.224246 0.987500 0.015302 0.024425
1 0.235022 0.973132 0.020690 0.034195
1 0.274138 0.892672 0.017457 0.024425
1 0.271336 0.866667 0.016810 0.025575
1 0.013720 0.400543 0.019756 0.031322
1 0.033966 0.397974 0.028440 0.035250
1 0.042754 0.350336 0.024731 0.026825
1 0.071228 0.349713 0.018534 0.026724
1 0.091272 0.330172 0.026078 0.032759
1 0.074274 0.387833 0.023700 0.033026
1 0.055890 0.422963 0.022918 0.027635
1 0.095179 0.391667 0.018534 0.026724
1 0.114526 0.390802 0.019181 0.027586
1 0.132231 0.378213 0.016164 0.019540
0 0.417996 0.785632 0.023491 0.034770
0 0.460237 0.789799 0.023707 0.030747
0 0.511853 0.787356 0.026078 0.043678
0 0.480711 0.807184 0.026078 0.037644
0 0.437608 0.822989 0.027586 0.037644
1 0.223599 0.708908 0.019181 0.029310
1 0.461746 0.395833 0.019181 0.026724
1 0.392241 0.328017 0.021983 0.030747
1 0.444073 0.382902 0.020474 0.029598
1 0.456358 0.677155 0.018319 0.026724
0 0.261315 0.775862 0.020474 0.026437
0 0.520259 0.706178 0.021983 0.028448
1 0.434483 0.412644 0.019397 0.026437
0 0.217134 0.673994 0.019612 0.026724
0 0.517996 0.669828 0.020905 0.027586
1 0.598276 0.661063 0.017672 0.025000
1 0.136961 0.629980 0.019612 0.027874
1 0.672953 0.927443 0.021336 0.030172
1 0.370151 0.636638 0.019181 0.028448
1 0.289547 0.723707 0.018750 0.025575
1 0.242241 0.941954 0.020259 0.027586
1 0.423707 0.375431 0.017672 0.027299
0 0.501832 0.647701 0.019181 0.026437
1 0.450431 0.419397 0.018966 0.026724
0 0.501185 0.688506 0.016164 0.021839
1 0.236422 0.741523 0.018966 0.027874
1 0.939116 0.584195 0.014009 0.019540
0 0.481250 0.667816 0.017241 0.024138
1 0.071336 0.514080 0.017672 0.025862
1 0.046121 0.659914 0.019397 0.024425
1 0.757543 0.487787 0.015086 0.020977
1 0.435991 0.659914 0.018534 0.027874
1 0.148168 0.529885 0.021336 0.027011
1 0.567241 0.267529 0.015517 0.022989
0 0.386853 0.478736 0.018966 0.025287
1 0.393966 0.055891 0.022414 0.030747
1 0.421659 0.330172 0.016595 0.022414
0 0.368319 0.419397 0.016379 0.022701
0 0.393642 0.453592 0.014871 0.019828
0 0.882328 0.486063 0.016810 0.020402
1 0.496228 0.130316 0.021336 0.029023
0 0.375000 0.448032 0.017241 0.023276
0 0.905711 0.451724 0.015302 0.020690
0 0.972629 0.534195 0.020259 0.024713
1 0.414547 0.703592 0.019612 0.030172
0 0.242888 0.688793 0.016379 0.023563
1 0.115733 0.600000 0.016379 0.022989
0 0.585022 0.282759 0.021767 0.030460
1 0.072522 0.677586 0.020905 0.030460
1 0.322629 0.941236 0.016810 0.025000
1 0.582435 0.638506 0.016164 0.021264
1 0.395366 0.647557 0.020905 0.030747
1 0.570259 0.599856 0.017672 0.023851
1 0.767241 0.528879 0.015086 0.020402
1 0.527694 0.260345 0.021336 0.031609
0 0.387931 0.423132 0.017241 0.023276
1 0.284698 0.403448 0.017241 0.025287
1 0.259125 0.914368 0.018966 0.027011
1 0.649353 0.956322 0.021121 0.028161
1 0.059159 0.713506 0.021767 0.029885
1 0.944289 0.505747 0.018750 0.023563
1 0.921336 0.572270 0.014224 0.017529
0 0.718103 0.454167 0.016810 0.023851
0 0.700970 0.472270 0.014871 0.019253
1 0.750970 0.506609 0.016595 0.021839
1 0.695905 0.902874 0.014655 0.019540
1 0.295905 0.872270 0.016810 0.023851
1 0.770151 0.933764 0.021767 0.030747
0 0.392241 0.785776 0.018966 0.025575
1 0.030172 0.543822 0.019828 0.024425
1 0.757004 0.007040 0.018750 0.014080
0 0.756466 0.739511 0.012500 0.016954
0 0.402047 0.589511 0.017026 0.026149
1 0.426509 0.347701 0.017672 0.023563
0 0.685345 0.461207 0.017672 0.024138
1 0.373168 0.709770 0.020043 0.029885
1 0.148373 0.355891 0.018319 0.023851
1 0.283513 0.349569 0.018319 0.025000
2 0.601336 0.414368 0.015948 0.022989
1 0.644612 0.194971 0.018103 0.022701
1 0.442457 0.707902 0.018534 0.025575
1 0.173922 0.704885 0.018534 0.025287
1 0.369397 0.672270 0.018534 0.027874
1 0.255603 0.129310 0.018534 0.024713
1 0.540194 0.199282 0.020043 0.028448
1 0.031250 0.725575 0.019397 0.025287
1 0.300754 0.367816 0.020905 0.027586
1 0.371336 0.011063 0.022845 0.022126
0 0.330065 0.766810 0.016595 0.022701
1 0.452155 0.169253 0.018534 0.025287
1 0.942241 0.624138 0.016379 0.018966
0 0.335649 0.920612 0.018791 0.025443
1 0.622953 0.985057 0.017888 0.022989
1 0.531681 0.370977 0.022845 0.027586
1 0.993103 0.646983 0.013362 0.019253
1 0.173384 0.886782 0.021767 0.031034
0 0.737392 0.764080 0.015733 0.021264
0 0.586315 0.252874 0.020474 0.025862
1 0.051185 0.038075 0.028664 0.037644
0 0.176940 0.515517 0.020690 0.028161
1 0.990086 0.680747 0.017672 0.022414
1 0.310022 0.480891 0.015302 0.021552
1 0.099892 0.651293 0.020043 0.029023
1 0.769828 0.714943 0.013793 0.018966
1 0.778448 0.513793 0.014655 0.019540
0 0.635991 0.559195 0.017241 0.024138
1 0.307543 0.390661 0.020259 0.022126
0 0.716487 0.807759 0.012716 0.016667
1 0.360022 0.452586 0.014440 0.019540
1 0.404634 0.306034 0.014871 0.018966
1 0.159698 0.931466 0.021121 0.030747
1 0.054634 0.552874 0.020043 0.025862
1 0.080172 0.556753 0.015948 0.023276
1 0.075108 0.302011 0.016595 0.022414
0 0.277478 0.809770 0.020905 0.027011
1 0.124246 0.678592 0.018750 0.026724
1 0.509375 0.280460 0.017888 0.024713
0 0.537608 0.642385 0.018319 0.023851
1 0.108621 0.505460 0.016810 0.024138
0 0.273815 0.689655 0.018750 0.025862
1 0.761638 0.122270 0.024138 0.035345
0 0.883621 0.464511 0.018966 0.022701
1 0.040194 0.233190 0.017026 0.020977
0 0.525431 0.968822 0.014224 0.021552
0 0.752694 0.092241 0.018750 0.025287
1 0.489978 0.282759 0.016164 0.021264
1 0.294073 0.924856 0.020905 0.029023
1 0.119371 0.646974 0.020690 0.027299
0 0.568750 0.554885 0.013793 0.017816
1 0.010453 0.666810 0.020905 0.031322
1 0.216272 0.631034 0.016595 0.024713
1 0.619935 0.410920 0.014440 0.020115
1 0.975862 0.631034 0.022414 0.031609
1 0.029634 0.256753 0.016595 0.020977
1 0.737069 0.832615 0.013362 0.017529
0 0.446659 0.515374 0.016595 0.022126
0 0.704634 0.813793 0.011422 0.016667
1 0.661207 0.972557 0.016810 0.024425
0 0.530819 0.754741 0.020259 0.026149
0 0.424677 0.953017 0.017026 0.023851
0 0.744935 0.047557 0.020043 0.029023
1 0.026724 0.698994 0.022414 0.026724
1 0.768534 0.472989 0.014224 0.020690
1 0.119769 0.912356 0.020259 0.029885
1 0.046983 0.520546 0.017241 0.025000
2 0.605433 0.434443 0.015948 0.022989
0 0.120884 0.855279 0.021552 0.028736
0 0.129504 0.866773 0.021552 0.028736
0 0.211961 0.821989 0.019397 0.031609
