1 0.762989 0.319029 0.017330 0.027135
1 0.777802 0.342385 0.019828 0.027299
1 0.777438 0.367529 0.014175 0.021187
1 0.737069 0.339224 0.012716 0.020977
1 0.752802 0.349713 0.016379 0.020115
1 0.741175 0.370170 0.017457 0.021839
1 0.734412 0.409319 0.017319 0.026253
1 0.748168 0.423851 0.014009 0.020977
1 0.765338 0.434124 0.019263 0.027503
1 0.783418 0.437098 0.018526 0.024279
1 0.784912 0.416451 0.018103 0.021839
1 0.752263 0.408333 0.015086 0.014655
0 0.766164 0.394397 0.014009 0.024138
1 0.784591 0.398276 0.013362 0.017816
1 0.751569 0.389641 0.012310 0.015661
1 0.747845 0.310489 0.016810 0.020977
1 0.727802 0.326868 0.015086 0.022414
1 0.740459 0.454333 0.025756 0.031983
1 0.769103 0.467526 0.019675 0.028796
1 0.741703 0.488362 0.018534 0.024138
1 0.768211 0.500431 0.018103 0.021839
1 0.900216 0.887931 0.017457 0.027874
1 0.892026 0.923707 0.022198 0.031034
1 0.918534 0.918247 0.025000 0.029598
1 0.841265 0.824330 0.016153 0.023376
1 0.856741 0.841460 0.017095 0.024040
1 0.868860 0.861693 0.018317 0.024626
1 0.805599 0.813891 0.016791 0.020540
1 0.802621 0.788836 0.017369 0.021948
1 0.785050 0.780624 0.016336 0.021618
1 0.799394 0.762224 0.015170 0.020425
1 0.811032 0.760230 0.010991 0.016954
1 0.822504 0.773420 0.012897 0.019540
1 0.829095 0.796695 0.018534 0.025575
1 0.816793 0.834417 0.016582 0.018698
1 0.895797 0.958621 0.021552 0.032759
1 0.910345 0.947701 0.018103 0.021839
1 0.901940 0.828161 0.019828 0.023276
1 0.855280 0.812213 0.018534 0.027299
1 0.872287 0.824523 0.014655 0.019511
1 0.833681 0.844284 0.016168 0.021925
1 0.846875 0.854885 0.010991 0.013218
1 0.924030 0.886351 0.018534 0.024713
0 0.796220 0.515302 0.021843 0.032583
0 0.811735 0.542810 0.019233 0.025899
0 0.822845 0.510057 0.018319 0.025575
0 0.804041 0.489830 0.016845 0.022060
0 0.811315 0.457902 0.017457 0.025575
0 0.820474 0.437213 0.013578 0.020115
0 0.810047 0.425440 0.015300 0.020132
0 0.813685 0.382328 0.017457 0.027586
0 0.855172 0.556184 0.015948 0.021652
0 0.870629 0.555428 0.013241 0.018261
0 0.853987 0.645259 0.016810 0.025575
0 0.830819 0.642098 0.020043 0.029885
0 0.885560 0.660776 0.019181 0.026724
0 0.906250 0.647989 0.015948 0.022414
0 0.909483 0.687356 0.015948 0.022414
0 0.851185 0.620259 0.017457 0.028736
0 0.833621 0.595833 0.022414 0.024425
0 0.897522 0.619253 0.015948 0.026724
0 0.652478 0.231322 0.020690 0.038218
0 0.600216 0.281753 0.020043 0.030747
0 0.633728 0.278161 0.026293 0.034195
0 0.626078 0.353592 0.019181 0.025575
0 0.652047 0.356897 0.018319 0.027586
0 0.604203 0.432902 0.021552 0.028736
0 0.614978 0.459052 0.022414 0.029885
0 0.628125 0.479310 0.016810 0.031897
0 0.633297 0.442529 0.015948 0.022414
0 0.648815 0.390948 0.015086 0.027586
0 0.606789 0.232902 0.023491 0.030172
1 0.396121 0.173276 0.017672 0.027299
1 0.400000 0.201580 0.017672 0.026437
1 0.380065 0.187931 0.019828 0.027299
1 0.381196 0.159626 0.015457 0.020690
1 0.388901 0.135632 0.014440 0.019828
1 0.415194 0.179454 0.014871 0.017816
1 0.428664 0.149313 0.014440 0.019376
1 0.404877 0.117359 0.015722 0.021034
1 0.412716 0.102155 0.010991 0.014655
1 0.425970 0.084770 0.013362 0.021264
1 0.449461 0.086638 0.013793 0.019253
1 0.439763 0.133477 0.008836 0.010920
1 0.453341 0.116092 0.011638 0.016092
1 0.469073 0.103592 0.012069 0.016092
1 0.437284 0.076724 0.012716 0.014080
0 0.714978 0.732471 0.017241 0.024138
0 0.739547 0.784770 0.020043 0.028161
0 0.691810 0.758908 0.023491 0.024713
0 0.662177 0.757040 0.016164 0.022126
0 0.714978 0.778592 0.021121 0.028736
0 0.839224 0.403592 0.019397 0.028736
0 0.716487 0.842098 0.018750 0.026149
1 0.979310 0.312644 0.025431 0.033908
1 0.970905 0.346552 0.018966 0.024713
0 0.738901 0.833333 0.020474 0.027586
1 0.414332 0.161494 0.015302 0.019540
1 0.444720 0.059052 0.014009 0.018678
1 0.970582 0.375862 0.016595 0.023563
1 0.938362 0.345546 0.018103 0.022701
1 0.991164 0.374713 0.017241 0.031609
1 0.760453 0.885345 0.019181 0.024138
1 0.931358 0.267098 0.021336 0.030172
1 0.908405 0.255460 0.021983 0.025862
1 0.780603 0.939511 0.019397 0.028448
1 0.989440 0.339224 0.021121 0.029598
1 0.784159 0.877155 0.020905 0.030172
1 0.738793 0.868534 0.016810 0.024425
0 0.882328 0.311638 0.019397 0.025575
1 0.994612 0.288649 0.010345 0.018678
1 0.937823 0.640230 0.017888 0.021264
1 0.994720 0.266092 0.010129 0.020690
0 0.723060 0.814368 0.017241 0.022414
1 0.060560 0.770977 0.018103 0.023563
1 0.874892 0.896121 0.017457 0.022701
0 0.922784 0.230316 0.018103 0.025575
1 0.974353 0.678161 0.017241 0.023563
0 0.876509 0.349713 0.022414 0.031034
1 0.956897 0.680172 0.016810 0.023563
0 0.963147 0.281609 0.016810 0.021839
1 0.231573 0.340086 0.019181 0.021552
1 0.897953 0.284914 0.013578 0.019253
1 0.927047 0.056178 0.021336 0.026149
0 0.721825 0.872270 0.013793 0.020977
1 0.162069 0.075862 0.017241 0.022414
1 0.976832 0.703017 0.017457 0.023276
1 0.830065 0.958908 0.020043 0.024713
1 0.954741 0.386207 0.014655 0.018966
0 0.678772 0.776293 0.018319 0.023851
1 0.396164 0.065934 0.024722 0.039046
1 0.459713 0.051428 0.017213 0.023549
0 0.853664 0.532328 0.018103 0.023276
1 0.543750 0.609195 0.012500 0.016667
1 0.884483 0.071552 0.017241 0.022414
1 0.007974 0.414943 0.015948 0.022989
1 0.757866 0.930603 0.018750 0.025575
0 0.848060 0.431322 0.014224 0.019540
1 0.916379 0.284483 0.016810 0.021264
1 0.951940 0.653879 0.014655 0.019828
1 0.954741 0.366092 0.017241 0.022414
1 0.545474 0.533764 0.012931 0.018103
1 0.840194 0.890805 0.022198 0.028161
1 0.790733 0.917385 0.018966 0.027299
1 0.178987 0.090661 0.016595 0.020977
1 0.824677 0.931753 0.014440 0.019253
1 0.245151 0.359195 0.018750 0.021264
1 0.022414 0.407615 0.015086 0.018103
0 0.961998 0.903448 0.016595 0.021264
0 0.844720 0.502443 0.014871 0.019828
0 0.705711 0.716667 0.012716 0.017816
1 0.802119 0.940690 0.017599 0.029543
1 0.661853 0.978017 0.018534 0.026724
0 0.903052 0.313494 0.019397 0.028736
1 0.764547 0.371839 0.019612 0.025287
0 0.829123 0.563471 0.018750 0.024713
1 0.665302 0.953017 0.015948 0.023276
0 0.724246 0.521408 0.018750 0.023851
1 0.769504 0.911207 0.019181 0.025287
1 0.540948 0.585057 0.014224 0.019540
1 0.612716 0.005603 0.013793 0.011207
0 0.706942 0.893822 0.014871 0.019253
1 0.543750 0.550718 0.014224 0.016954
0 0.943750 0.296839 0.016810 0.022414
1 0.727371 0.895833 0.013793 0.020977
0 0.924739 0.660747 0.017888 0.024138
1 0.470582 0.035920 0.011853 0.016667
1 0.876509 0.943822 0.015948 0.020977
1 0.808836 0.976149 0.018966 0.027586
1 0.919181 0.355029 0.015948 0.021552
0 0.895259 0.360632 0.017241 0.022989
1 0.988901 0.671121 0.017457 0.022701
0 0.699784 0.794253 0.015086 0.021264
0 0.569659 0.022204 0.023491 0.030172
0 0.593664 0.038733 0.023491 0.030172
0 0.569207 0.057994 0.023491 0.030172
0 0.589909 0.077557 0.021328 0.024675
0 0.672267 0.113670 0.019761 0.024675
0 0.703067 0.081422 0.019761 0.024675
0 0.724940 0.062204 0.019761 0.024675
0 0.698950 0.038218 0.019761 0.024675
0 0.655562 0.186339 0.023131 0.030385
0 0.625183 0.155704 0.023131 0.030385
0 0.909151 0.209960 0.018103 0.025575
0 0.608472 0.333391 0.017756 0.022250
0 0.634698 0.365086 0.019181 0.025575
0 0.984297 0.899807 0.018668 0.027888
