1 0.036207 0.653448 0.014655 0.020690
1 0.237823 0.577730 0.010129 0.013506
1 0.222737 0.585201 0.011853 0.014655
1 0.220259 0.555172 0.010345 0.013793
1 0.221983 0.568966 0.009914 0.013218
1 0.432543 0.843103 0.023276 0.033333
1 0.439224 0.900431 0.017672 0.023851
1 0.424677 0.868103 0.017888 0.024138
1 0.089440 0.785489 0.012500 0.016379
2 0.251914 0.316425 0.027705 0.033270
1 0.066379 0.263937 0.009052 0.012356
0 0.268642 0.814080 0.017026 0.021839
1 0.213254 0.567098 0.007974 0.010632
1 0.022845 0.425718 0.014655 0.018678
1 0.082759 0.273276 0.011638 0.014943
1 0.196228 0.510489 0.013147 0.019253
1 0.171659 0.636063 0.009267 0.011782
0 0.254203 0.884195 0.014440 0.019540
1 0.230819 0.567960 0.009483 0.012931
1 0.071659 0.280172 0.009267 0.012644
1 0.071875 0.809626 0.013578 0.016379
1 0.485991 0.664080 0.013793 0.017241
1 0.051401 0.648563 0.014871 0.021264
0 0.277047 0.791810 0.014440 0.018678
1 0.069181 0.372270 0.013793 0.018103
1 0.063685 0.826868 0.013147 0.015805
1 0.181358 0.628448 0.009698 0.012644
2 0.234489 0.347621 0.013653 0.017399
2 0.252787 0.358264 0.017517 0.021784
