1 0.252873 0.714655 0.013793 0.020115
1 0.249892 0.734626 0.013793 0.018391
1 0.241703 0.754310 0.011853 0.019253
1 0.253448 0.786925 0.013147 0.020115
1 0.275323 0.743822 0.011207 0.015805
1 0.268216 0.727198 0.015241 0.014282
1 0.240733 0.795259 0.012500 0.017529
1 0.241703 0.770833 0.013147 0.012069
1 0.238147 0.779885 0.013793 0.012931
1 0.267134 0.770402 0.013147 0.014943
1 0.253125 0.766523 0.012500 0.012069
1 0.262608 0.746408 0.010345 0.015805
1 0.240866 0.811879 0.012015 0.016000
1 0.243319 0.825718 0.011207 0.013793
1 0.247953 0.852299 0.011207 0.018391
1 0.253448 0.805172 0.007759 0.014943
1 0.256358 0.819540 0.011207 0.013793
1 0.254170 0.837299 0.015881 0.018273
1 0.270151 0.827011 0.011207 0.016667
1 0.268534 0.846121 0.011853 0.018391
1 0.249246 0.870977 0.015086 0.020977
1 0.262608 0.860920 0.011853 0.014943
1 0.252802 0.689799 0.013147 0.013793
1 0.266810 0.696408 0.015086 0.014943
1 0.276940 0.691954 0.011853 0.018391
1 0.920582 0.811638 0.020043 0.026149
1 0.391056 0.914943 0.014871 0.020115
1 0.894397 0.723563 0.017672 0.025287
1 0.916918 0.838649 0.023060 0.030172
1 0.366595 0.790086 0.013793 0.019253
1 0.850647 0.549282 0.016810 0.023276
1 0.924569 0.779167 0.020690 0.029598
2 0.705172 0.861925 0.011638 0.014080
1 0.913793 0.736063 0.019397 0.026149
1 0.893211 0.698851 0.016164 0.021264
1 0.903125 0.355172 0.015733 0.021264
1 0.309159 0.397126 0.015302 0.021264
2 0.694073 0.842960 0.010560 0.014080
1 0.878448 0.714655 0.017241 0.024138
0 0.355927 0.772313 0.012716 0.018103
1 0.215086 0.462500 0.015086 0.019828
1 0.270151 0.711925 0.011853 0.016379
1 0.842996 0.625718 0.017457 0.024425
1 0.375323 0.835776 0.014871 0.020977
1 0.908513 0.710920 0.011853 0.016667
1 0.935022 0.855603 0.014440 0.020402
1 0.989655 0.709770 0.020690 0.028161
1 0.371659 0.770115 0.014009 0.018966
1 0.366918 0.810489 0.012716 0.017529
1 0.846983 0.442241 0.016379 0.021264
0 0.520151 0.730891 0.014009 0.019828
1 0.930065 0.953161 0.014871 0.019540
1 0.792026 0.737931 0.010776 0.016092
1 0.235884 0.845977 0.010560 0.016092
0 0.356789 0.729885 0.013147 0.017241
1 0.988254 0.222845 0.023491 0.038793
0 0.345474 0.739799 0.012931 0.018103
1 0.895151 0.746121 0.018319 0.022126
1 0.204095 0.473276 0.014224 0.020115
1 0.417026 0.928448 0.013793 0.018966
1 0.417780 0.947270 0.012716 0.018678
1 0.241056 0.453592 0.015302 0.019828
1 0.915733 0.758190 0.016810 0.020402
1 0.858297 0.573994 0.015302 0.020977
1 0.378448 0.855747 0.012069 0.016092
0 0.400862 0.636782 0.015086 0.020690
1 0.296659 0.990661 0.012284 0.017529
1 0.834698 0.529885 0.017241 0.020690
0 0.933789 0.324282 0.021983 0.029023
1 0.801293 0.745690 0.010345 0.014368
1 0.874030 0.697126 0.016164 0.019540
1 0.289978 0.699425 0.010129 0.013793
0 0.920976 0.356523 0.017718 0.026241
