0 0.393858 0.405747 0.020043 0.022701
0 0.366918 0.403736 0.019612 0.027874
0 0.359914 0.443822 0.018534 0.028161
0 0.398599 0.446552 0.020474 0.025575
0 0.423815 0.422701 0.020043 0.026149
0 0.433190 0.386782 0.021552 0.022126
0 0.441164 0.358908 0.017672 0.021552
0 0.409806 0.796264 0.016164 0.030172
0 0.386207 0.818391 0.015948 0.023276
0 0.402478 0.854454 0.022629 0.024713
0 0.400323 0.733190 0.023922 0.029310
0 0.393858 0.771983 0.017026 0.028161
0 0.406789 0.707184 0.020905 0.022701
0 0.429095 0.685057 0.014655 0.023851
0 0.543211 0.848707 0.017026 0.020115
0 0.559698 0.810776 0.015086 0.021264
0 0.568966 0.839224 0.017672 0.024713
0 0.543642 0.880891 0.017888 0.024138
0 0.645797 0.824138 0.010991 0.021552
0 0.638039 0.795977 0.013578 0.018678
0 0.770149 0.727052 0.029300 0.039284
0 0.763685 0.658046 0.017026 0.026149
0 0.753879 0.532759 0.018534 0.027874
0 0.727478 0.533764 0.017026 0.024713
0 0.766703 0.590086 0.016164 0.024138
0 0.697306 0.495977 0.020474 0.026724
0 0.775647 0.457902 0.018966 0.028161
0 0.723922 0.601724 0.023491 0.029023
0 0.710129 0.574713 0.023491 0.030747
0 0.783728 0.780029 0.028448 0.038793
0 0.819289 0.737213 0.031681 0.037644
0 0.804418 0.662787 0.028448 0.033333
0 0.743534 0.628879 0.021552 0.024425
0 0.636530 0.967529 0.025862 0.028161
0 0.524030 0.901437 0.018966 0.028448
0 0.546444 0.647989 0.026293 0.030460
0 0.823922 0.706897 0.029957 0.035345
1 0.978556 0.546695 0.026940 0.035345
1 0.949569 0.535920 0.025000 0.033908
1 0.181789 0.636063 0.023060 0.029598
1 0.292026 0.723851 0.023276 0.031609
1 0.191379 0.677011 0.019397 0.024713
1 0.975970 0.705891 0.027802 0.038793
1 0.489332 0.247845 0.020474 0.026149
1 0.159914 0.642529 0.018534 0.025287
1 0.926185 0.969684 0.024784 0.034195
1 0.316595 0.801006 0.027586 0.038218
1 0.498168 0.227443 0.021767 0.027299
1 0.498060 0.621839 0.019828 0.026437
1 0.338470 0.861925 0.021336 0.028448
1 0.328987 0.887644 0.021336 0.028736
1 0.163793 0.675144 0.021983 0.027299
1 0.508728 0.187356 0.021767 0.028161
1 0.637392 0.232471 0.024784 0.032759
1 0.523707 0.215805 0.022414 0.028736
1 0.481034 0.201293 0.020259 0.025575
1 0.987500 0.664224 0.023276 0.034195
1 0.019828 0.832328 0.018103 0.023851
1 0.311099 0.246983 0.023060 0.031897
1 0.813254 0.550000 0.020905 0.027011
1 0.473491 0.933477 0.025862 0.036494
1 0.450000 0.908046 0.025431 0.035057
1 0.454634 0.872989 0.023060 0.032759
1 0.849030 0.449569 0.026509 0.037644
1 0.048815 0.834626 0.020043 0.024425
1 0.932974 0.511351 0.023707 0.031322
0 0.571013 0.232328 0.021336 0.027874
1 0.550862 0.503592 0.018103 0.026724
1 0.961422 0.575862 0.025431 0.032759
1 0.355711 0.771983 0.027371 0.035920
1 0.492888 0.160920 0.019828 0.027011
1 0.438470 0.776006 0.016164 0.021552
1 0.522953 0.239511 0.020905 0.024425
1 0.473060 0.225000 0.018966 0.023563
1 0.604849 0.541092 0.020474 0.028161
1 0.028772 0.456897 0.021336 0.028161
1 0.185560 0.601580 0.026724 0.036494
0 0.586315 0.680029 0.015733 0.020402
1 0.903664 0.511638 0.020259 0.025575
1 0.576940 0.549856 0.021121 0.029023
1 0.548276 0.451580 0.018103 0.024425
1 0.277909 0.941236 0.021336 0.026724
1 0.355927 0.846695 0.018319 0.025000
1 0.582651 0.499569 0.014440 0.018678
1 0.244935 0.263793 0.023491 0.032184
0 0.408190 0.799856 0.023276 0.032471
1 0.892241 0.912644 0.024138 0.034483
1 0.168211 0.381609 0.025216 0.034483
1 0.662931 0.230747 0.019397 0.024713
0 0.575431 0.654167 0.018966 0.024425
1 0.517888 0.283190 0.019828 0.025000
1 0.478664 0.868247 0.020690 0.027874
1 0.533297 0.369971 0.030388 0.042241
0 0.386422 0.818822 0.022414 0.031322
1 0.989116 0.595259 0.021767 0.031897
1 0.259914 0.761494 0.029310 0.037931
1 0.057543 0.096983 0.030603 0.045115
1 0.961638 0.737213 0.021552 0.031322
1 0.251293 0.202299 0.028448 0.036782
1 0.910884 0.881753 0.027802 0.039943
1 0.843750 0.418103 0.025431 0.036207
1 0.709159 0.190948 0.023060 0.032471
1 0.604849 0.577443 0.019181 0.026724
1 0.348922 0.688506 0.019397 0.024713
1 0.608082 0.217385 0.021336 0.027874
1 0.196121 0.362500 0.028017 0.038218
1 0.471767 0.820690 0.019828 0.027011
0 0.630280 0.396264 0.017888 0.023563
1 0.662608 0.560920 0.016164 0.022414
1 0.884914 0.971121 0.030172 0.039368
1 0.475862 0.899138 0.021121 0.028736
0 0.675539 0.460920 0.017457 0.022989
0 0.647306 0.417098 0.017026 0.020402
1 0.608405 0.615948 0.020690 0.029598
1 0.252694 0.236494 0.019612 0.023563
1 0.432651 0.937931 0.024784 0.033908
0 0.623491 0.784195 0.014224 0.018391
0 0.753341 0.176149 0.022198 0.028161
0 0.944720 0.789799 0.017457 0.022701
0 0.629634 0.288793 0.018750 0.026437
1 0.930927 0.753305 0.026509 0.037069
0 0.835884 0.249569 0.021336 0.025575
1 0.051185 0.455029 0.030388 0.039368
0 0.420797 0.760345 0.019181 0.026437
1 0.868319 0.494971 0.017672 0.022126
1 0.150754 0.207184 0.024353 0.035057
0 0.596121 0.351868 0.018966 0.025000
1 0.709483 0.975431 0.018966 0.026149
0 0.841164 0.528736 0.016810 0.021839
1 0.623491 0.585057 0.020690 0.029885
0 0.633728 0.716954 0.015733 0.020115
1 0.623060 0.546552 0.016810 0.023563
1 0.452909 0.840374 0.020474 0.026724
0 0.846013 0.328448 0.022198 0.026437
1 0.962069 0.667529 0.022845 0.029310
1 0.260453 0.316954 0.015733 0.019540
1 0.499569 0.347270 0.027155 0.035920
0 0.824138 0.311207 0.021552 0.027011
0 0.136026 0.281129 0.025862 0.035345
0 0.840841 0.282759 0.022198 0.028161
1 0.560345 0.349713 0.021552 0.028736
1 0.150862 0.947701 0.019828 0.024713
0 0.789871 0.123851 0.019397 0.024138
1 0.952371 0.761782 0.019397 0.025862
1 0.477586 0.785776 0.020259 0.027874
1 0.442349 0.223276 0.020905 0.026437
1 0.526616 0.510489 0.025216 0.034195
0 0.803125 0.202155 0.023060 0.031322
1 0.309267 0.756753 0.028879 0.039943
1 0.155172 0.717529 0.020690 0.025862
1 0.458728 0.971983 0.027802 0.035920
1 0.941810 0.707759 0.023707 0.035632
1 0.582112 0.889655 0.016379 0.021839
0 0.868534 0.344828 0.020690 0.025287
1 0.584806 0.280316 0.022629 0.027874
1 0.968427 0.616523 0.020905 0.029023
1 0.362500 0.811494 0.022845 0.032184
0 0.868642 0.300144 0.024353 0.029023
1 0.010129 0.217816 0.020259 0.036207
1 0.949569 0.975000 0.017672 0.023563
1 0.549569 0.230891 0.021121 0.026724
0 0.682328 0.280747 0.018103 0.023563
1 0.066056 0.489368 0.023922 0.028736
1 0.208513 0.259052 0.023922 0.033046
0 0.861207 0.262787 0.021121 0.023851
1 0.199246 0.403736 0.021767 0.025862
0 0.205388 0.647414 0.018534 0.022989
0 0.225216 0.086494 0.023276 0.027586
1 0.556142 0.590230 0.017457 0.021839
1 0.336638 0.034052 0.025431 0.032471
0 0.582328 0.442385 0.017241 0.021552
1 0.863254 0.880307 0.032112 0.040230
0 0.133297 0.813506 0.021336 0.027011
1 0.330819 0.210776 0.018534 0.023851
1 0.024677 0.051580 0.035560 0.046839
0 0.677263 0.309339 0.015302 0.020402
1 0.980280 0.517385 0.020043 0.026149
1 0.531142 0.329454 0.028664 0.036494
0 0.788147 0.175000 0.021121 0.026437
0 0.638254 0.760632 0.014871 0.020690
1 0.271875 0.977586 0.025216 0.033333
0 0.089440 0.327874 0.017672 0.022414
0 0.941379 0.912644 0.020690 0.027586
1 0.493211 0.852155 0.017457 0.025000
0 0.621121 0.887500 0.014655 0.020977
0 0.764009 0.230029 0.019397 0.026149
1 0.343534 0.718391 0.023276 0.029885
1 0.614009 0.658333 0.022845 0.029885
1 0.671444 0.879167 0.028664 0.039368
1 0.919073 0.781466 0.017457 0.023276
1 0.915841 0.713218 0.029526 0.042529
1 0.174677 0.175144 0.020474 0.028448
1 0.269935 0.712213 0.022629 0.029598
0 0.989871 0.864799 0.020259 0.026149
0 0.115625 0.784626 0.019612 0.026149
0 0.793211 0.258908 0.017457 0.021839
1 0.442134 0.256178 0.018750 0.023276
1 0.581789 0.862644 0.017457 0.023563
1 0.688578 0.214368 0.022414 0.027586
0 0.161672 0.302592 0.025862 0.035345
0 0.160666 0.259437 0.025862 0.035345
0 0.129207 0.314172 0.023073 0.029871
0 0.151728 0.787236 0.021336 0.027011
0 0.180047 0.805158 0.021336 0.027011
0 0.160349 0.798730 0.021336 0.027011
1 0.872759 0.839141 0.032112 0.040230
1 0.915530 0.831991 0.024642 0.033328
0 0.249614 0.086609 0.023276 0.027586
0 0.278364 0.091693 0.021093 0.025862
0 0.319629 0.071233 0.031560 0.039434
0 0.807690 0.141644 0.024963 0.034141
0 0.834304 0.130261 0.022791 0.026489
0 0.830116 0.098767 0.022791 0.026489
0 0.798644 0.098638 0.022791 0.026489
0 0.737287 0.045704 0.022791 0.026489
0 0.739030 0.012655 0.021422 0.025040
0 0.762060 0.010552 0.021422 0.021103
0 0.784347 0.019902 0.020308 0.026397
0 0.740394 0.346069 0.025088 0.031787
0 0.606664 0.398353 0.018129 0.021641
0 0.616610 0.372828 0.021845 0.028101
0 0.714627 0.361790 0.022530 0.025264
0 0.739524 0.378578 0.028800 0.033655
0 0.735103 0.424888 0.025838 0.026279
0 0.713957 0.396839 0.026819 0.031227
0 0.721317 0.280236 0.031774 0.032305
0 0.718472 0.247744 0.028610 0.027784
0 0.727138 0.218532 0.021112 0.027195
0 0.641644 0.318934 0.016039 0.017859
0 0.694675 0.333621 0.020138 0.025210
0 0.698116 0.309425 0.020140 0.026388
0 0.721756 0.314724 0.024989 0.027589
0 0.851608 0.367899 0.023974 0.027471
0 0.746780 0.567353 0.022616 0.026971
0 0.655929 0.389353 0.024343 0.024830
0 0.668463 0.406822 0.019713 0.023960
1 0.522224 0.421874 0.033998 0.037667
1 0.274213 0.629405 0.040254 0.064917
1 0.305313 0.587379 0.046815 0.057287
1 0.355970 0.572356 0.038388 0.053557
1 0.325127 0.539675 0.036138 0.044934
1 0.379894 0.513241 0.041205 0.052767
1 0.422547 0.480006 0.029485 0.030776
1 0.413358 0.569230 0.040625 0.048552
1 0.493457 0.517517 0.039657 0.053862
1 0.464325 0.467641 0.035196 0.044247
1 0.475308 0.431874 0.033735 0.033753
1 0.502233 0.388155 0.030554 0.045592
1 0.311172 0.849351 0.029041 0.044101
1 0.253903 0.814371 0.035256 0.050514
1 0.214175 0.822351 0.038162 0.063437
1 0.211996 0.906911 0.033856 0.046451
1 0.013804 0.919083 0.027606 0.051865
1 0.047502 0.952118 0.035961 0.050851
1 0.231780 0.958730 0.041047 0.039336
1 0.249366 0.918776 0.034121 0.038782
1 0.278578 0.910287 0.025776 0.024940
1 0.254362 0.869351 0.042108 0.052032
1 0.282239 0.791009 0.030009 0.035805
1 0.717334 0.789727 0.046334 0.063980
1 0.773580 0.829914 0.032578 0.060046
1 0.767058 0.884006 0.045619 0.058026
1 0.836203 0.920943 0.037914 0.052101
1 0.892362 0.779649 0.022737 0.031055
0 0.990384 0.782342 0.019231 0.042802
0 0.932237 0.942690 0.017056 0.016382
0 0.921653 0.923968 0.017073 0.023170
0 0.953560 0.940362 0.020392 0.024718
0 0.944276 0.868836 0.016888 0.019402
0 0.950655 0.849945 0.017925 0.021626
0 0.966659 0.794555 0.025461 0.025736
0 0.934909 0.882057 0.013552 0.019934
0 0.767114 0.427362 0.032284 0.032937
0 0.774336 0.403103 0.033386 0.033899
0 0.789953 0.378425 0.022274 0.024730
0 0.779037 0.289256 0.018498 0.021388
0 0.747774 0.301247 0.023409 0.025454
0 0.816733 0.240655 0.024496 0.025922
0 0.831289 0.212810 0.019159 0.026744
0 0.854047 0.230175 0.018453 0.029816
1 0.043541 0.298865 0.030407 0.032273
1 0.036457 0.266520 0.033080 0.035667
1 0.042539 0.235046 0.047731 0.040718
1 0.023381 0.189460 0.041351 0.045052
1 0.216289 0.196445 0.023323 0.024270
1 0.184899 0.221425 0.026084 0.033908
