0 0.410345 0.250000 0.018103 0.025575
0 0.389763 0.323851 0.016164 0.026149
0 0.407543 0.358908 0.013362 0.022701
0 0.400970 0.396264 0.022629 0.022701
0 0.371659 0.350287 0.014009 0.023851
0 0.376940 0.390805 0.015517 0.022126
0 0.394289 0.219540 0.011853 0.022126
0 0.410560 0.221695 0.013362 0.020690
0 0.332866 0.291236 0.015733 0.016667
0 0.296767 0.309483 0.014655 0.023851
0 0.324353 0.316954 0.017672 0.022701
0 0.303017 0.358190 0.020259 0.031897
1 0.326616 0.186351 0.015733 0.021552
1 0.881573 0.186063 0.015733 0.020402
1 0.326509 0.610632 0.018103 0.025287
1 0.114655 0.498276 0.019828 0.025862
1 0.108297 0.531034 0.022198 0.030460
0 0.684461 0.137787 0.018319 0.023276
1 0.244138 0.629155 0.024353 0.033046
1 0.615841 0.165230 0.014009 0.017816
1 0.263793 0.507471 0.018534 0.024713
1 0.326724 0.651580 0.018534 0.026149
1 0.277371 0.479023 0.018103 0.024138
1 0.682435 0.333046 0.018319 0.022989
1 0.864547 0.179885 0.016164 0.020690
1 0.482759 0.647845 0.018966 0.024425
1 0.926724 0.521695 0.021121 0.028448
1 0.304849 0.192529 0.017457 0.021839
1 0.124461 0.686063 0.018319 0.023276
1 0.757004 0.185920 0.015302 0.020115
0 0.096659 0.213506 0.021767 0.029310
0 0.704634 0.095402 0.019612 0.025862
1 0.105496 0.271695 0.025647 0.034195
1 0.290841 0.521983 0.019181 0.024425
1 0.342241 0.592098 0.016379 0.020977
0 0.230280 0.381178 0.018319 0.025000
1 0.306897 0.613793 0.015948 0.020690
1 0.200108 0.262931 0.021767 0.029310
1 0.106897 0.756322 0.019828 0.028736
1 0.257220 0.596695 0.022629 0.030172
1 0.623276 0.182471 0.013793 0.017816
1 0.460991 0.649138 0.018966 0.026437
1 0.667134 0.404454 0.017026 0.021552
0 0.710776 0.319971 0.017672 0.025000
1 0.307220 0.635201 0.017457 0.023851
1 0.192888 0.317098 0.019828 0.026724
0 0.617672 0.059770 0.015086 0.020115
0 0.571875 0.214799 0.014009 0.018103
0 0.098384 0.445612 0.019612 0.025575
0 0.332866 0.226149 0.014440 0.020115
0 0.375970 0.148276 0.019181 0.023563
0 0.412069 0.557759 0.013793 0.017816
0 0.320690 0.152443 0.016379 0.021552
0 0.233728 0.406034 0.015733 0.021839
0 0.677047 0.238362 0.014009 0.018678
0 0.622414 0.121552 0.014655 0.018966
1 0.080711 0.295690 0.023922 0.031034
1 0.960668 0.512644 0.023060 0.029310
0 0.713470 0.353161 0.017026 0.024138
1 0.164763 0.239224 0.019181 0.023851
1 0.070905 0.659339 0.015517 0.020977
1 0.046444 0.651006 0.012716 0.016379
1 0.451940 0.686351 0.014655 0.020977
1 0.088254 0.559195 0.019181 0.025287
0 0.603233 0.077874 0.015086 0.020690
1 0.783621 0.173276 0.013362 0.017816
0 0.050748 0.180937 0.021767 0.031034
1 0.080711 0.813075 0.023491 0.031897
0 0.610022 0.145115 0.013578 0.017241
0 0.736099 0.326580 0.020905 0.026724
1 0.027478 0.720977 0.017888 0.024138
0 0.410129 0.538649 0.012931 0.016379
0 0.683405 0.067098 0.011638 0.015230
1 0.120797 0.625144 0.020474 0.026149
0 0.421444 0.356034 0.010560 0.014943
1 0.129957 0.310489 0.025000 0.030172
0 0.639763 0.088218 0.013147 0.017241
1 0.344181 0.821552 0.018534 0.025862
1 0.168319 0.483046 0.021983 0.028161
0 0.624677 0.034483 0.014009 0.018391
0 0.735884 0.176724 0.014009 0.016667
1 0.097414 0.331509 0.026724 0.034483
1 0.085776 0.969684 0.016810 0.023276
1 0.034603 0.337575 0.029265 0.040152
0 0.058944 0.233649 0.023575 0.030534
0 0.022097 0.178489 0.021767 0.031034
0 0.018487 0.220825 0.026483 0.039517
0 0.076170 0.450362 0.019612 0.025575
0 0.656972 0.119609 0.023724 0.032322
0 0.663263 0.080908 0.023724 0.032322
0 0.903726 0.323417 0.026593 0.060744
0 0.894028 0.411842 0.030593 0.050848
0 0.931172 0.390454 0.039989 0.056279
1 0.198319 0.693951 0.034989 0.056885
1 0.215573 0.653434 0.030420 0.045888
1 0.217847 0.584704 0.030420 0.045888
1 0.247106 0.558471 0.028269 0.036733
0 0.197470 0.502830 0.023849 0.039529
0 0.157575 0.533239 0.027138 0.039865
