2 0.647306 0.652011 0.021552 0.035920
2 0.665733 0.630460 0.022414 0.028736
2 0.672414 0.662787 0.030603 0.040805
2 0.699784 0.652011 0.024353 0.038218
2 0.718211 0.611925 0.019828 0.032471
2 0.958513 0.441092 0.021552 0.025862
2 0.920582 0.528305 0.019397 0.025862
2 0.930388 0.553736 0.012500 0.021264
2 0.961961 0.540805 0.013147 0.021264
2 0.938362 0.512931 0.013147 0.019540
2 0.942457 0.532471 0.018750 0.021264
2 0.939763 0.492098 0.013147 0.022126
2 0.960884 0.476293 0.015302 0.024138
2 0.919935 0.494397 0.016595 0.019540
2 0.925431 0.460632 0.020905 0.025862
1 0.322953 0.117529 0.024569 0.032759
1 0.349677 0.112787 0.022629 0.034195
1 0.366595 0.140086 0.023707 0.023276
1 0.326509 0.156609 0.023707 0.025862
1 0.348599 0.181178 0.024569 0.031609
1 0.371463 0.213290 0.023989 0.029213
1 0.382974 0.259914 0.019397 0.027299
1 0.409698 0.266667 0.019397 0.024713
1 0.376832 0.294684 0.013362 0.023276
1 0.394828 0.289224 0.018534 0.020402
1 0.349138 0.227730 0.019397 0.025862
1 0.199569 0.906034 0.019397 0.027011
1 0.692241 0.571121 0.018103 0.024425
1 0.321013 0.957184 0.015302 0.020115
1 0.848384 0.908190 0.015302 0.022126
1 0.527694 0.973132 0.014871 0.020977
1 0.016487 0.701149 0.018750 0.024713
1 0.231789 0.902011 0.020905 0.027011
1 0.614440 0.989224 0.015948 0.020402
1 0.944720 0.602155 0.017026 0.020977
1 0.947091 0.636063 0.017026 0.023276
1 0.899569 0.661638 0.024138 0.029023
1 0.318642 0.976868 0.013578 0.018103
1 0.333513 0.912644 0.016595 0.022989
1 0.010884 0.551006 0.020474 0.026724
1 0.978341 0.631609 0.016595 0.021264
1 0.992996 0.387213 0.013578 0.022126
1 0.865302 0.792960 0.013793 0.018678
1 0.722737 0.962644 0.020905 0.031609
1 0.153879 0.818103 0.016379 0.021264
1 0.633513 0.740374 0.017888 0.023851
1 0.673384 0.569540 0.017026 0.022414
1 0.041164 0.506897 0.020259 0.025287
1 0.784914 0.421695 0.018103 0.025000
1 0.465086 0.945402 0.017241 0.025862
1 0.994181 0.630891 0.011207 0.025575
1 0.981034 0.866667 0.018103 0.025862
1 0.900754 0.841954 0.018319 0.024138
1 0.876401 0.678305 0.018319 0.023276
1 0.878664 0.772989 0.017241 0.022989
1 0.968319 0.651006 0.015517 0.020402
1 0.648599 0.555603 0.017457 0.020977
1 0.915733 0.272126 0.018103 0.023563
1 0.178772 0.308908 0.019181 0.024138
1 0.196013 0.944540 0.015302 0.020690
1 0.214655 0.881897 0.015517 0.021264
1 0.258513 0.921695 0.018750 0.025000
1 0.715517 0.195402 0.020690 0.025862
1 0.946013 0.260920 0.021767 0.026437
1 0.601078 0.973132 0.015517 0.021552
1 0.811853 0.916523 0.015086 0.019253
1 0.877586 0.812356 0.014224 0.018391
1 0.839871 0.325431 0.015517 0.020402
1 0.372737 0.945402 0.018319 0.022989
1 0.317565 0.929741 0.017888 0.022701
1 0.942565 0.946552 0.015302 0.020115
1 0.767672 0.405747 0.017241 0.022414
1 0.542672 0.984195 0.012931 0.019540
1 0.902047 0.799713 0.017888 0.022989
1 0.896444 0.742672 0.015733 0.022126
1 0.865517 0.911063 0.012069 0.015805
1 0.982866 0.562931 0.018750 0.022414
1 0.917457 0.295402 0.019828 0.024138
1 0.718750 0.542816 0.016810 0.021264
1 0.144304 0.838937 0.016379 0.023276
1 0.581573 0.986351 0.013578 0.018103
1 0.352909 0.935345 0.018750 0.022414
1 0.010022 0.581178 0.019612 0.026724
1 0.217349 0.235776 0.020905 0.025000
1 0.722306 0.561207 0.015302 0.021264
1 0.954203 0.656466 0.019612 0.026149
1 0.357759 0.423851 0.019397 0.024713
1 0.995690 0.768678 0.008190 0.017816
1 0.793750 0.443103 0.018966 0.024138
1 0.056897 0.307184 0.018534 0.022989
1 0.985129 0.369253 0.014655 0.018966
1 0.034914 0.465517 0.020690 0.026437
1 0.822522 0.362644 0.020043 0.027011
1 0.989547 0.900718 0.017457 0.020977
1 0.509375 0.962213 0.014440 0.019253
1 0.466703 0.988362 0.017888 0.022701
1 0.904957 0.686494 0.018103 0.022989
1 0.882866 0.257759 0.018319 0.025287
1 0.330065 0.855747 0.016595 0.023563
1 0.966810 0.593534 0.018966 0.023276
1 0.991918 0.795259 0.015733 0.025000
1 0.188362 0.277586 0.018534 0.024138
1 0.043750 0.553879 0.016810 0.023276
1 0.875754 0.704741 0.022198 0.029023
1 0.440517 0.305891 0.016379 0.020977
1 0.061746 0.469397 0.017026 0.021552
1 0.358513 0.974425 0.016164 0.021839
1 0.183944 0.884770 0.016595 0.022989
1 0.961530 0.618822 0.019612 0.029598
1 0.931897 0.963506 0.015517 0.020690
1 0.454957 0.928017 0.015517 0.020402
1 0.220259 0.097845 0.020690 0.031322
1 0.301724 0.554741 0.017672 0.022126
1 0.214655 0.261494 0.016810 0.021839
1 0.013272 0.439943 0.016810 0.022414
1 0.969289 0.067960 0.020905 0.026149
1 0.363254 0.837500 0.019612 0.026149
1 0.038793 0.290230 0.018103 0.021839
1 0.950323 0.887356 0.014009 0.019540
1 0.315302 0.994253 0.016379 0.010920
1 0.930065 0.136351 0.023491 0.029598
1 0.693642 0.951149 0.018750 0.026437
0 0.134914 0.639080 0.013793 0.017816
1 0.932543 0.651006 0.015086 0.019828
1 0.126832 0.904741 0.016595 0.024425
1 0.911746 0.246552 0.021336 0.025862
1 0.818966 0.934626 0.012931 0.018103
1 0.291487 0.955316 0.015302 0.020402
1 0.931789 0.318534 0.018750 0.022701
1 0.211099 0.190230 0.017888 0.021264
1 0.952586 0.331753 0.012500 0.015805
1 0.826724 0.964511 0.015948 0.022701
1 0.901940 0.990086 0.014655 0.018678
1 0.985129 0.840517 0.014224 0.020115
1 0.022414 0.677730 0.016810 0.022126
1 0.995582 0.838218 0.008405 0.025862
1 0.126185 0.929598 0.015302 0.020690
1 0.215409 0.933190 0.021336 0.029023
1 0.647522 0.723420 0.014871 0.020402
1 0.754741 0.351724 0.014655 0.018966
1 0.836530 0.928017 0.014871 0.018678
1 0.698276 0.544828 0.017241 0.022989
1 0.654310 0.985345 0.017672 0.024713
1 0.937823 0.985920 0.019612 0.024713
1 0.994828 0.590948 0.009914 0.025000
1 0.158621 0.335489 0.019828 0.023851
1 0.829418 0.899425 0.012284 0.016092
1 0.016487 0.472845 0.014009 0.018678
1 0.152802 0.313793 0.018966 0.022989
1 0.709159 0.561494 0.014871 0.020690
1 0.366595 0.919109 0.016379 0.021552
1 0.682759 0.538075 0.016379 0.022701
1 0.838147 0.298563 0.015517 0.017241
1 0.995690 0.882759 0.008621 0.019540
1 0.058513 0.279741 0.019612 0.026724
1 0.326185 0.887069 0.018319 0.025862
1 0.164763 0.899856 0.016595 0.022701
1 0.934806 0.619828 0.017888 0.025287
1 0.930927 0.690805 0.014440 0.019540
1 0.202802 0.317960 0.023276 0.027299
1 0.636422 0.993534 0.018966 0.012356
1 0.241595 0.074856 0.019397 0.023276
1 0.193427 0.967385 0.018750 0.023276
1 0.107004 0.371121 0.018750 0.023851
1 0.057974 0.628448 0.014224 0.018391
1 0.109806 0.139655 0.016595 0.021839
1 0.917672 0.705460 0.015948 0.021264
1 0.167565 0.734339 0.019181 0.025000
1 0.411746 0.581178 0.018319 0.023851
1 0.037500 0.634052 0.015517 0.020977
1 0.678341 0.982184 0.018319 0.029885
1 0.037716 0.688767 0.015086 0.021552
