2 0.211099 0.204454 0.022629 0.034195
2 0.218750 0.227011 0.019397 0.032759
2 0.234698 0.209914 0.024569 0.028736
2 0.228017 0.155891 0.019397 0.032759
2 0.241918 0.134626 0.016379 0.028736
2 0.252694 0.122270 0.021552 0.028736
2 0.297845 0.145546 0.021552 0.025862
2 0.290625 0.165374 0.019397 0.024713
2 0.261853 0.186638 0.015302 0.028736
2 0.272629 0.164080 0.020474 0.024713
2 0.641703 0.231322 0.013793 0.016667
2 0.646013 0.246121 0.017026 0.012931
2 0.656034 0.268391 0.018966 0.024425
2 0.630280 0.477730 0.014440 0.021839
2 0.618858 0.500862 0.018966 0.029598
2 0.608405 0.532615 0.020259 0.025287
2 0.609698 0.562213 0.020259 0.025287
2 0.603879 0.590517 0.018966 0.020977
2 0.603879 0.616667 0.022845 0.027874
2 0.668858 0.616236 0.017026 0.027011
2 0.657112 0.581897 0.017026 0.027874
2 0.632866 0.544828 0.015733 0.023563
2 0.637500 0.520402 0.013147 0.021839
2 0.654741 0.512213 0.016379 0.019253
2 0.659698 0.661063 0.023491 0.031322
2 0.697522 0.626724 0.018319 0.023563
2 0.693966 0.670259 0.017672 0.021839
2 0.709591 0.648851 0.017672 0.022701
2 0.725647 0.685489 0.019612 0.024425
2 0.719073 0.709914 0.020905 0.020977
2 0.672091 0.697270 0.013147 0.014943
2 0.688362 0.702443 0.026078 0.023563
2 0.689763 0.734195 0.013147 0.017529
2 0.698815 0.753017 0.015733 0.018391
2 0.689780 0.777006 0.026819 0.027629
2 0.725323 0.755172 0.012500 0.024425
2 0.724353 0.734195 0.020905 0.019253
2 0.654741 0.609339 0.012500 0.016667
2 0.650862 0.545259 0.013793 0.024425
2 0.732866 0.781322 0.018319 0.026149
2 0.695582 0.807759 0.018319 0.027011
2 0.582112 0.450287 0.013793 0.019828
2 0.600000 0.454310 0.016595 0.020690
2 0.620797 0.443678 0.013793 0.018391
2 0.609698 0.414943 0.014871 0.022701
2 0.657220 0.458046 0.019397 0.031034
2 0.674030 0.436207 0.016595 0.024425
2 0.674030 0.462787 0.009914 0.024425
2 0.666056 0.403448 0.015948 0.022126
2 0.724030 0.329023 0.015948 0.022126
2 0.697845 0.365517 0.013362 0.021264
2 0.710237 0.285201 0.019397 0.019828
2 0.602802 0.305460 0.017672 0.027874
2 0.600539 0.338649 0.014440 0.019253
2 0.591164 0.358190 0.013362 0.021264
2 0.616918 0.359339 0.015948 0.023563
2 0.636746 0.354454 0.014871 0.021264
2 0.665517 0.353305 0.012716 0.019253
2 0.872845 0.425287 0.016379 0.028736
2 0.630172 0.278736 0.017241 0.020690
2 0.634914 0.299425 0.016379 0.022989
1 0.980819 0.517385 0.018534 0.025000
1 0.767996 0.102155 0.019612 0.025000
1 0.783297 0.074282 0.019181 0.023851
1 0.962608 0.527299 0.016164 0.022414
1 0.886422 0.482615 0.020259 0.026149
1 0.990733 0.290230 0.018103 0.025287
1 0.964440 0.260345 0.018966 0.023563
1 0.896336 0.456178 0.017241 0.021552
1 0.747953 0.533908 0.018750 0.023563
1 0.131789 0.101006 0.021767 0.029598
1 0.735237 0.598420 0.019181 0.024425
1 0.697845 0.512500 0.017672 0.022126
1 0.965086 0.288793 0.017241 0.022989
1 0.888578 0.287069 0.015517 0.020690
1 0.947522 0.053017 0.019181 0.023851
1 0.794397 0.918391 0.020259 0.024713
1 0.819612 0.137213 0.015086 0.019253
1 0.920259 0.880460 0.017241 0.022414
1 0.934591 0.294109 0.020043 0.027299
1 0.106789 0.295402 0.021336 0.029310
1 0.966810 0.235632 0.016810 0.021264
1 0.888147 0.358333 0.019828 0.028161
1 0.806897 0.125000 0.016810 0.021264
1 0.594504 0.506466 0.016595 0.021552
1 0.594504 0.545833 0.013147 0.016954
1 0.799246 0.359339 0.017888 0.022126
1 0.757543 0.074138 0.018966 0.025287
1 0.389009 0.046121 0.017241 0.023276
1 0.995474 0.504598 0.008621 0.024138
1 0.795474 0.390948 0.017241 0.022701
1 0.879095 0.267098 0.017241 0.020977
1 0.958621 0.442816 0.016810 0.022414
1 0.765733 0.900431 0.020259 0.025000
1 0.844504 0.396983 0.017026 0.021552
1 0.923815 0.498563 0.019612 0.025287
1 0.752694 0.811782 0.018319 0.023563
1 0.547845 0.529167 0.016810 0.020977
1 0.760560 0.867385 0.016379 0.021552
1 0.976293 0.312356 0.017241 0.023563
1 0.454849 0.138506 0.017026 0.022414
1 0.903879 0.068247 0.014655 0.018103
1 0.152047 0.273276 0.020043 0.026437
2 0.950569 0.213362 0.026724 0.035920
1 0.716272 0.167098 0.018319 0.024425
1 0.382220 0.018247 0.019181 0.026724
1 0.714224 0.126293 0.020259 0.025575
1 0.817996 0.081034 0.019181 0.021264
1 0.882759 0.250862 0.014655 0.017816
0 0.778125 0.531897 0.019181 0.028161
1 0.748922 0.665517 0.019828 0.023563
1 0.807543 0.287213 0.015948 0.020402
1 0.921013 0.024856 0.018750 0.023851
1 0.942888 0.243678 0.019828 0.023563
1 0.828448 0.101437 0.019397 0.025287
1 0.725323 0.495259 0.016164 0.020402
1 0.579095 0.511207 0.013793 0.019540
1 0.632543 0.571552 0.021983 0.028736
1 0.051616 0.615661 0.017457 0.023851
1 0.967026 0.025287 0.021121 0.030460
1 0.669181 0.496264 0.019828 0.025287
1 0.994397 0.748707 0.010776 0.019828
1 0.797953 0.313506 0.018319 0.024713
1 0.737177 0.065374 0.017457 0.022701
1 0.241918 0.406178 0.016595 0.022126
1 0.939224 0.011782 0.019828 0.023563
1 0.714655 0.092098 0.021121 0.025575
1 0.717241 0.048563 0.016379 0.020690
1 0.061638 0.203161 0.016810 0.021839
1 0.766810 0.934339 0.018103 0.021552
1 0.452909 0.659626 0.014009 0.017529
1 0.135129 0.287787 0.022845 0.029598
1 0.020366 0.628736 0.018750 0.025287
1 0.216379 0.290230 0.017241 0.022989
1 0.808836 0.953161 0.017241 0.022414
1 0.992134 0.325287 0.015733 0.021264
1 0.876078 0.455891 0.016379 0.022126
1 0.887284 0.902443 0.019828 0.024425
1 0.666272 0.154598 0.019612 0.025287
1 0.045474 0.187787 0.016379 0.021552
1 0.762069 0.200287 0.026293 0.034483
1 0.786099 0.853592 0.022629 0.026724
1 0.912931 0.256897 0.018534 0.024713
1 0.043750 0.857615 0.017241 0.022126
1 0.858513 0.300718 0.017888 0.022126
1 0.757651 0.634339 0.020043 0.026724
1 0.672091 0.123851 0.017888 0.023563
1 0.498060 0.160057 0.025000 0.035057
1 0.099461 0.032184 0.017026 0.021839
1 0.037392 0.141667 0.022629 0.028161
1 0.909806 0.296408 0.017026 0.023851
2 0.927909 0.211782 0.023060 0.030460
1 0.885991 0.388506 0.015086 0.019540
1 0.084483 0.260345 0.021983 0.026437
1 0.762608 0.127299 0.016164 0.020115
1 0.079095 0.153305 0.021983 0.026724
1 0.424677 0.149569 0.017888 0.023276
2 0.461920 0.391092 0.015302 0.021839
1 0.773599 0.803448 0.014871 0.018966
1 0.769073 0.570833 0.025647 0.028448
1 0.602047 0.689943 0.022629 0.027586
1 0.382651 0.133046 0.019612 0.025287
1 0.986207 0.247701 0.016810 0.022414
2 0.859750 0.410201 0.018534 0.022701
1 0.219181 0.475431 0.017672 0.022701
1 0.227694 0.385489 0.023491 0.033046
1 0.992996 0.198994 0.013578 0.022701
1 0.033405 0.111494 0.021552 0.028736
1 0.618750 0.629167 0.016810 0.022126
1 0.643534 0.784339 0.016810 0.020977
1 0.227478 0.279454 0.014440 0.019253
1 0.582543 0.725575 0.019397 0.024713
1 0.960776 0.328161 0.013793 0.017816
1 0.468750 0.064799 0.018966 0.023851
1 0.604418 0.773707 0.022198 0.027299
1 0.615517 0.717241 0.025862 0.031609
1 0.108621 0.055029 0.020259 0.028448
1 0.255603 0.388218 0.016379 0.020690
1 0.122198 0.076149 0.015086 0.020690
1 0.740194 0.133046 0.015302 0.018966
1 0.583082 0.985632 0.018319 0.024138
2 0.948168 0.185161 0.023060 0.030460
1 0.751509 0.967529 0.018534 0.023563
2 0.953097 0.083899 0.023707 0.030747
1 0.064871 0.176580 0.019397 0.024425
1 0.851293 0.805172 0.016379 0.020690
1 0.873276 0.318391 0.017241 0.022989
1 0.229095 0.441523 0.015517 0.019253
1 0.093534 0.894397 0.017672 0.024425
2 0.500216 0.409052 0.016379 0.022126
1 0.826078 0.946839 0.015086 0.020115
1 0.050970 0.893247 0.017026 0.020977
1 0.772629 0.383764 0.017241 0.024425
1 0.888362 0.440661 0.015517 0.019828
1 0.814655 0.345977 0.011207 0.015517
1 0.805496 0.882328 0.019612 0.025575
1 0.840409 0.422414 0.014871 0.019540
1 0.159914 0.313218 0.022414 0.029885
1 0.583190 0.754598 0.020259 0.025287
1 0.127371 0.322126 0.026724 0.032759
1 0.779418 0.125144 0.014440 0.018678
1 0.314224 0.059626 0.019397 0.025575
1 0.106573 0.221408 0.017026 0.023851
1 0.862716 0.219828 0.014655 0.018391
1 0.936638 0.453736 0.016379 0.021264
1 0.121875 0.012213 0.018319 0.022701
2 0.874353 0.608046 0.017241 0.023563
1 0.819073 0.922845 0.018750 0.022701
1 0.862177 0.593678 0.015733 0.020115
1 0.995043 0.709052 0.009483 0.021552
1 0.707974 0.584626 0.016379 0.021552
1 0.101832 0.011638 0.015733 0.019828
1 0.029741 0.865374 0.015086 0.019828
1 0.929310 0.265517 0.015948 0.019540
1 0.915302 0.912931 0.018534 0.023563
1 0.279634 0.031609 0.018750 0.023563
1 0.735991 0.160345 0.018534 0.022414
1 0.822737 0.271552 0.018319 0.024138
1 0.847629 0.364943 0.017672 0.021264
1 0.116272 0.257902 0.018750 0.023851
1 0.311853 0.036351 0.017241 0.022701
1 0.842457 0.256609 0.019828 0.025287
1 0.471983 0.162931 0.018966 0.024138
0 0.868858 0.770977 0.014440 0.020115
1 0.862608 0.250144 0.018319 0.022126
1 0.070474 0.959052 0.018966 0.022701
1 0.816918 0.851437 0.015733 0.020690
1 0.163470 0.616810 0.020474 0.026724
1 0.957004 0.471121 0.010991 0.015230
1 0.152909 0.228017 0.018319 0.022701
1 0.903341 0.510345 0.017888 0.022989
2 0.981789 0.574713 0.022629 0.027586
0 0.133836 0.840661 0.014224 0.018678
1 0.688685 0.146695 0.017888 0.024425
1 0.261961 0.412500 0.018750 0.025000
1 0.887608 0.526293 0.011853 0.015230
1 0.580280 0.924569 0.020905 0.025575
1 0.073384 0.225144 0.018319 0.026149
1 0.563793 0.537931 0.015517 0.019540
1 0.540409 0.086207 0.018319 0.023563
2 0.419756 0.391083 0.021573 0.026730
1 0.550140 0.161147 0.025000 0.035057
2 0.930524 0.136402 0.023707 0.030747
