2 0.642134 0.378736 0.011207 0.013793
2 0.632112 0.403161 0.018319 0.024425
2 0.625323 0.429741 0.019181 0.020115
2 0.622091 0.465948 0.017457 0.020115
2 0.615733 0.491954 0.027155 0.025575
2 0.612931 0.518103 0.020043 0.020115
2 0.643642 0.520690 0.015948 0.019253
2 0.669181 0.414799 0.015948 0.022414
2 0.654095 0.419684 0.014440 0.021264
2 0.643319 0.448420 0.016810 0.027586
2 0.660022 0.449425 0.018319 0.021264
2 0.644073 0.476006 0.018319 0.025575
2 0.664440 0.491523 0.015948 0.020115
2 0.670043 0.472270 0.017457 0.022414
2 0.679957 0.516523 0.018319 0.027586
2 0.708297 0.528161 0.014440 0.023276
2 0.670043 0.564943 0.027155 0.030747
2 0.727909 0.550000 0.016810 0.026724
2 0.728664 0.530891 0.016810 0.018103
2 0.689224 0.607471 0.022414 0.026724
2 0.703125 0.568103 0.023060 0.030747
2 0.702371 0.690517 0.026293 0.024425
2 0.707543 0.719828 0.020690 0.025575
2 0.740625 0.655316 0.023060 0.028736
2 0.736638 0.602155 0.020043 0.026724
1 0.052694 0.061638 0.022198 0.027874
1 0.071336 0.087644 0.018534 0.025575
1 0.096013 0.111638 0.022629 0.025575
1 0.075647 0.151724 0.023922 0.029598
1 0.096875 0.190086 0.019828 0.030172
1 0.108621 0.153592 0.019828 0.027299
1 0.029634 0.027443 0.016810 0.024713
1 0.068642 0.030460 0.020474 0.026437
1 0.084709 0.051411 0.019929 0.024764
1 0.130711 0.138506 0.017457 0.024713
1 0.121336 0.217241 0.017457 0.022414
1 0.156034 0.211494 0.020474 0.026437
1 0.136853 0.160201 0.013362 0.016954
1 0.150754 0.171121 0.016810 0.027874
1 0.155172 0.146983 0.019828 0.024713
1 0.027860 0.076273 0.024735 0.026063
1 0.129526 0.256178 0.017888 0.023851
1 0.174138 0.282471 0.022198 0.026724
1 0.172306 0.305316 0.017026 0.018966
1 0.599677 0.582040 0.028448 0.039943
1 0.614332 0.625144 0.028448 0.039943
1 0.639332 0.581609 0.029310 0.041092
1 0.644289 0.622126 0.020690 0.033908
1 0.659698 0.623707 0.011638 0.016379
1 0.582004 0.627299 0.028448 0.031897
1 0.575431 0.659626 0.024569 0.026724
1 0.596983 0.675431 0.023060 0.025575
1 0.636961 0.663218 0.021552 0.031897
1 0.616272 0.711351 0.020043 0.021552
1 0.601940 0.762213 0.026940 0.037069
2 0.578556 0.798132 0.026078 0.028736
2 0.615306 0.820121 0.030819 0.041954
1 0.563362 0.828736 0.029741 0.032471
1 0.555711 0.866379 0.041379 0.033621
1 0.558405 0.895115 0.034052 0.026437
1 0.560668 0.931034 0.026078 0.038218
1 0.570905 0.965805 0.016164 0.026437
1 0.618966 0.873563 0.024138 0.028736
1 0.612284 0.895690 0.019828 0.025287
1 0.615841 0.985489 0.021552 0.022701
1 0.610884 0.940086 0.026078 0.032471
1 0.629310 0.746695 0.021552 0.031034
1 0.916810 0.185345 0.016810 0.020690
2 0.980959 0.081078 0.024353 0.031609
2 0.982651 0.114511 0.028233 0.037069
1 0.993858 0.190374 0.011853 0.026724
1 0.992134 0.439368 0.015302 0.025862
1 0.972845 0.144971 0.021121 0.026149
1 0.993750 0.139799 0.012069 0.025575
1 0.841703 0.326580 0.019181 0.024425
1 0.799246 0.441236 0.023060 0.029023
1 0.846552 0.028736 0.016810 0.022989
1 0.992349 0.165805 0.014871 0.025287
1 0.818427 0.302874 0.018750 0.024138
1 0.631250 0.337787 0.015517 0.020977
1 0.928017 0.353017 0.019397 0.023276
1 0.820582 0.219253 0.018750 0.024713
1 0.754310 0.505172 0.022414 0.027011
1 0.042026 0.530029 0.015517 0.019828
1 0.943211 0.160345 0.021336 0.026437
1 0.768103 0.439511 0.021983 0.027874
1 0.786530 0.479023 0.021336 0.025862
1 0.129634 0.184339 0.022629 0.029598
1 0.958944 0.110345 0.024353 0.033908
1 0.391056 0.026293 0.021336 0.026724
1 0.821659 0.266523 0.018750 0.023276
1 0.914763 0.381322 0.020474 0.025862
1 0.965733 0.197557 0.021552 0.027299
1 0.912069 0.302730 0.016379 0.023276
1 0.715733 0.415517 0.018966 0.023563
1 0.466056 0.020115 0.018750 0.024138
1 0.992134 0.231897 0.013578 0.018391
1 0.654310 0.947989 0.021552 0.026437
1 0.937823 0.202443 0.015733 0.022126
1 0.832651 0.194109 0.018319 0.022126
1 0.907543 0.164799 0.018103 0.022701
1 0.785884 0.097989 0.023491 0.029885
1 0.723384 0.021121 0.022629 0.029023
1 0.806681 0.017960 0.016810 0.021552
1 0.933836 0.298276 0.014224 0.018391
1 0.413147 0.055316 0.021552 0.026149
1 0.417996 0.029598 0.016595 0.020115
1 0.606573 0.450575 0.016164 0.021839
1 0.435668 0.036925 0.020905 0.025575
1 0.953017 0.399713 0.021121 0.026437
1 0.129310 0.930891 0.015517 0.021552
1 0.833621 0.014368 0.019397 0.024138
1 0.030603 0.775144 0.021121 0.023851
1 0.605172 0.588649 0.019828 0.024425
2 0.176293 0.513937 0.024138 0.033621
1 0.934914 0.117241 0.019397 0.026437
1 0.051616 0.133333 0.018319 0.024713
1 0.088147 0.792672 0.020690 0.026724
1 0.218427 0.188649 0.017457 0.023851
1 0.009483 0.541523 0.015517 0.019828
1 0.607004 0.409195 0.019181 0.022989
1 0.745797 0.396695 0.018319 0.023276
1 0.642349 0.357184 0.016164 0.020115
1 0.924353 0.202299 0.016379 0.021839
1 0.787608 0.019828 0.019181 0.025287
2 0.605328 0.257885 0.020259 0.028161
1 0.071875 0.174425 0.014871 0.020690
1 0.228664 0.293247 0.022845 0.027874
1 0.131358 0.956322 0.016595 0.022414
1 0.915517 0.340517 0.018966 0.022989
1 0.575000 0.441810 0.015948 0.020402
2 0.159267 0.494971 0.021121 0.026724
1 0.013685 0.786638 0.015733 0.020402
1 0.434159 0.069253 0.017026 0.020115
1 0.724138 0.294828 0.027155 0.033333
2 0.653073 0.254741 0.018966 0.025000
1 0.045043 0.106897 0.019397 0.024713
1 0.192996 0.308908 0.019612 0.025862
1 0.757651 0.368247 0.019612 0.025000
2 0.982112 0.008477 0.025431 0.016954
1 0.056789 0.772414 0.017457 0.021264
1 0.432004 0.177730 0.021767 0.026724
1 0.708190 0.054741 0.018534 0.023851
1 0.427047 0.011063 0.022629 0.022126
2 0.948060 0.072313 0.027586 0.038218
1 0.055065 0.889799 0.020905 0.025000
