2 0.718750 0.421408 0.017888 0.028736
2 0.712608 0.452586 0.018750 0.025862
2 0.709806 0.482328 0.020043 0.022126
2 0.699353 0.507184 0.013578 0.020115
2 0.697953 0.534914 0.019397 0.029598
2 0.737392 0.414799 0.019397 0.030747
2 0.729526 0.464080 0.012284 0.018103
2 0.757543 0.584195 0.027802 0.035632
2 0.769397 0.530172 0.020474 0.028736
2 0.691272 0.234770 0.017888 0.029885
2 0.737069 0.207184 0.014440 0.029885
2 0.693966 0.279741 0.016164 0.028736
2 0.720905 0.282759 0.016164 0.029885
2 0.750970 0.165948 0.017026 0.028736
2 0.763147 0.192816 0.012500 0.020402
1 0.151940 0.107328 0.020690 0.024425
1 0.167134 0.127443 0.019181 0.022414
1 0.166703 0.150431 0.018319 0.023276
1 0.188448 0.165989 0.022890 0.030379
1 0.242565 0.165230 0.020043 0.023276
1 0.245797 0.197270 0.021552 0.027586
1 0.213039 0.198851 0.018319 0.030747
1 0.200647 0.127011 0.019181 0.029885
1 0.224246 0.128592 0.016810 0.028736
1 0.140841 0.076437 0.019181 0.024425
1 0.193858 0.088649 0.016810 0.023276
1 0.256897 0.270115 0.018319 0.028736
1 0.168519 0.056914 0.024381 0.025897
1 0.178772 0.092960 0.015086 0.023276
1 0.190733 0.191954 0.018319 0.016954
1 0.256573 0.295115 0.017457 0.021264
1 0.279310 0.301006 0.023060 0.030747
1 0.302478 0.258477 0.021552 0.033046
1 0.285918 0.238856 0.015381 0.022819
1 0.256897 0.221121 0.020043 0.020115
1 0.311489 0.292966 0.021218 0.027520
1 0.135884 0.043247 0.015302 0.025287
1 0.122414 0.057615 0.015302 0.018103
1 0.121983 0.025862 0.016164 0.016667
1 0.154310 0.033621 0.017888 0.020402
2 0.824784 0.614224 0.020474 0.035345
2 0.784052 0.627299 0.019612 0.030172
2 0.815409 0.574425 0.021552 0.031322
2 0.795366 0.547701 0.016595 0.030172
2 0.729203 0.526149 0.021552 0.023563
2 0.741487 0.551580 0.024569 0.024713
2 0.783082 0.705029 0.029310 0.031322
2 0.789978 0.737069 0.025431 0.030172
2 0.836530 0.700431 0.016595 0.024713
2 0.826724 0.673132 0.014655 0.030172
2 0.783082 0.668534 0.015733 0.023563
2 0.798815 0.593391 0.025431 0.030172
1 0.645474 0.823276 0.022845 0.031897
1 0.702802 0.622845 0.017672 0.028736
1 0.689547 0.595977 0.016595 0.022126
1 0.668534 0.629310 0.019612 0.028736
1 0.665086 0.656753 0.014655 0.026149
1 0.684159 0.670402 0.015733 0.030172
1 0.726293 0.626724 0.021552 0.028736
2 0.725235 0.592716 0.021552 0.031322
1 0.656789 0.714799 0.019612 0.030172
1 0.646444 0.755316 0.020474 0.032759
1 0.715517 0.750144 0.023491 0.030172
1 0.645474 0.859195 0.026509 0.033908
1 0.638147 0.884626 0.023491 0.027299
1 0.637608 0.920546 0.024569 0.031322
1 0.694935 0.928448 0.017672 0.031322
1 0.693427 0.889224 0.022629 0.028736
1 0.703233 0.789368 0.016595 0.024713
1 0.714547 0.661351 0.021552 0.035345
1 0.712069 0.690661 0.016595 0.023563
1 0.702263 0.710345 0.020474 0.028736
1 0.941379 0.031466 0.019828 0.028448
1 0.897953 0.256609 0.017888 0.024138
1 0.848384 0.468822 0.019612 0.025000
1 0.991810 0.416667 0.016379 0.028736
1 0.919504 0.054023 0.019181 0.025862
1 0.931250 0.069109 0.015086 0.020402
1 0.890733 0.375287 0.015948 0.020690
1 0.869504 0.506178 0.022629 0.027874
1 0.801401 0.439368 0.018750 0.024713
1 0.218319 0.237500 0.019828 0.025575
1 0.987392 0.854023 0.020474 0.025287
1 0.126293 0.517816 0.016810 0.021839
1 0.718211 0.985632 0.021336 0.026437
1 0.993211 0.225718 0.013147 0.021552
1 0.930065 0.012069 0.018319 0.023563
1 0.909591 0.230172 0.018319 0.023563
1 0.859052 0.566954 0.019828 0.024713
1 0.198707 0.925287 0.015517 0.019540
1 0.964978 0.415374 0.019181 0.024425
1 0.093319 0.772270 0.018103 0.023851
1 0.992672 0.377011 0.014224 0.023563
1 0.900323 0.301293 0.020905 0.025000
1 0.836315 0.531034 0.020043 0.026437
1 0.696552 0.427730 0.017672 0.023851
1 0.869397 0.008908 0.020259 0.017816
1 0.821013 0.055460 0.019612 0.025862
2 0.923922 0.361351 0.020259 0.027299
1 0.007220 0.804310 0.014009 0.018391
0 0.878987 0.469253 0.022629 0.029885
1 0.117780 0.802155 0.019181 0.022701
1 0.848276 0.598707 0.018966 0.024425
1 0.896013 0.009770 0.020905 0.019540
1 0.178233 0.945546 0.015517 0.020977
1 0.869073 0.135345 0.023491 0.031034
1 0.913039 0.202730 0.014871 0.020977
2 0.907004 0.356466 0.019181 0.025000
1 0.694289 0.469540 0.016164 0.021839
1 0.093319 0.527299 0.015086 0.018391
1 0.310345 0.187787 0.018966 0.025575
1 0.677909 0.435489 0.016164 0.022701
1 0.220043 0.162644 0.022845 0.029885
1 0.841810 0.091523 0.019397 0.026149
2 0.795797 0.985776 0.024784 0.027874
1 0.527047 0.026293 0.018319 0.025000
1 0.136746 0.760345 0.014440 0.017816
2 0.963793 0.038793 0.022845 0.029885
1 0.847629 0.005891 0.017241 0.011782
1 0.960345 0.375000 0.015948 0.022414
2 0.540302 0.191810 0.023707 0.029023
1 0.988470 0.201437 0.020905 0.027011
1 0.110560 0.762500 0.018966 0.023276
0 0.785345 0.459626 0.016379 0.022701
1 0.015517 0.532184 0.017241 0.021839
0 0.128233 0.929310 0.010776 0.014368
0 0.119612 0.915805 0.014224 0.019540
1 0.005280 0.561063 0.010560 0.020977
1 0.893750 0.334195 0.014224 0.017816
1 0.342565 0.298420 0.016164 0.020977
1 0.773060 0.031034 0.019828 0.026437
1 0.858513 0.414655 0.015733 0.022414
1 0.843103 0.326437 0.023707 0.033908
1 0.930711 0.203736 0.018319 0.024138
0 0.971767 0.986494 0.013362 0.018391
1 0.943858 0.364080 0.015302 0.021264
1 0.662392 0.460920 0.015733 0.021264
2 0.748599 0.510776 0.017026 0.022126
1 0.083728 0.723707 0.016164 0.021552
1 0.029849 0.551580 0.017457 0.022701
1 0.017134 0.571121 0.014871 0.019253
1 0.883405 0.029167 0.018966 0.024425
1 0.312392 0.344540 0.016595 0.021839
1 0.298276 0.379454 0.016810 0.021552
1 0.715733 0.360776 0.013362 0.019828
1 0.982974 0.340230 0.014224 0.020690
1 0.109806 0.557040 0.015733 0.021552
1 0.822629 0.012356 0.020690 0.024713
0 0.985082 0.016583 0.017888 0.022989
1 0.533405 0.055460 0.018966 0.024713
1 0.946336 0.241523 0.019397 0.025575
1 0.145474 0.530891 0.019397 0.023851
1 0.829095 0.466092 0.018103 0.024713
1 0.835129 0.494684 0.016379 0.020977
1 0.536961 0.084339 0.016595 0.022126
1 0.703448 0.505891 0.021121 0.026149
1 0.890194 0.350000 0.016595 0.022414
0 0.353125 0.970833 0.017888 0.022701
1 0.643750 0.010057 0.024569 0.020115
1 0.570151 0.038649 0.017888 0.023851
