2 0.315659 0.593917 0.021552 0.029885
2 0.287823 0.379310 0.013578 0.023276
2 0.203226 0.837253 0.021455 0.029259
2 0.231765 0.850928 0.019228 0.028580
2 0.220534 0.889928 0.014440 0.017241
2 0.204664 0.867371 0.018483 0.027647
2 0.663800 0.247695 0.017675 0.024894
2 0.662356 0.313601 0.014009 0.018868
2 0.657250 0.376336 0.019565 0.025868
2 0.679181 0.379193 0.015336 0.020862
2 0.678567 0.262362 0.014366 0.022037
2 0.690853 0.264773 0.014414 0.018914
2 0.861778 0.279310 0.013776 0.018374
2 0.835293 0.247678 0.016388 0.018899
2 0.848412 0.251149 0.011748 0.017529
2 0.833269 0.271839 0.014655 0.018103
2 0.822306 0.445546 0.013147 0.016667
2 0.838821 0.434917 0.016369 0.022468
0 0.692457 0.698707 0.015086 0.020690
0 0.716056 0.756609 0.016164 0.018678
0 0.780388 0.767672 0.012500 0.016667
0 0.752371 0.755603 0.010345 0.021839
0 0.736638 0.760201 0.009914 0.015517
1 0.447953 0.778017 0.026509 0.034770
1 0.447091 0.650718 0.019612 0.027299
1 0.574030 0.874569 0.016595 0.022126
1 0.828772 0.877730 0.022198 0.030747
1 0.530065 0.901868 0.020474 0.029023
1 0.554310 0.894540 0.018534 0.024713
1 0.575970 0.988362 0.018319 0.022701
1 0.572091 0.632902 0.018750 0.024425
1 0.539763 0.030747 0.014871 0.020115
1 0.528987 0.660776 0.015302 0.019828
1 0.546121 0.733477 0.020259 0.026724
1 0.126940 0.984914 0.018103 0.022126
1 0.504095 0.055172 0.016810 0.022414
1 0.179418 0.704310 0.014871 0.020690
1 0.672737 0.668247 0.016164 0.021552
1 0.596013 0.904885 0.019181 0.026437
1 0.773922 0.204885 0.016810 0.022989
1 0.291164 0.598707 0.018534 0.026149
1 0.886422 0.118678 0.015948 0.021839
2 0.847688 0.276693 0.014063 0.019256
1 0.436961 0.682759 0.025216 0.033908
1 0.120797 0.733764 0.012284 0.015805
1 0.858836 0.036925 0.018534 0.023851
1 0.509698 0.083190 0.016379 0.021552
1 0.197198 0.799425 0.011638 0.015517
1 0.254849 0.628448 0.018750 0.023563
1 0.532759 0.962356 0.021983 0.027586
1 0.793750 0.858046 0.025431 0.031609
1 0.398815 0.754741 0.024784 0.034195
1 0.720690 0.967816 0.019828 0.027011
0 0.682543 0.720259 0.014655 0.019828
1 0.886957 0.521463 0.017550 0.022233
1 0.170582 0.767385 0.020905 0.027299
1 0.545690 0.647414 0.019397 0.025287
1 0.408944 0.440230 0.015302 0.021264
1 0.935345 0.359626 0.017672 0.022701
1 0.580065 0.907902 0.017457 0.020402
1 0.433513 0.966379 0.018750 0.025287
1 0.548384 0.009626 0.015733 0.019253
1 0.505819 0.715086 0.020690 0.026724
0 0.740841 0.986925 0.017026 0.022701
1 0.475000 0.602011 0.014224 0.020115
2 0.071121 0.571839 0.012069 0.016092
0 0.559591 0.754167 0.019181 0.025575
1 0.535884 0.077586 0.018319 0.024713
1 0.640302 0.024856 0.012931 0.017529
1 0.167349 0.650287 0.016595 0.022414
1 0.154418 0.612356 0.018750 0.025287
1 0.548491 0.820977 0.018966 0.025287
1 0.078987 0.691954 0.017457 0.024713
1 0.147953 0.721408 0.014009 0.018678
1 0.540625 0.158621 0.015733 0.020115
1 0.327047 0.853448 0.016595 0.021839
1 0.492134 0.730172 0.017026 0.021839
1 0.146336 0.831034 0.012069 0.016092
1 0.264332 0.604598 0.015302 0.021264
1 0.140625 0.857040 0.010991 0.014080
1 0.687392 0.009914 0.015733 0.019253
1 0.457220 0.877443 0.017457 0.022701
1 0.459698 0.809914 0.022845 0.029023
1 0.080388 0.667672 0.015948 0.020977
1 0.499461 0.540230 0.015733 0.021839
1 0.505388 0.920977 0.014655 0.018966
1 0.167672 0.689224 0.013793 0.019253
1 0.382004 0.241954 0.013147 0.016667
1 0.511638 0.901293 0.018103 0.024425
1 0.415517 0.836782 0.027155 0.035057
1 0.501940 0.009052 0.015086 0.018103
1 0.846121 0.080891 0.013362 0.017529
1 0.277694 0.713075 0.017457 0.022701
1 0.378556 0.606178 0.022198 0.027874
1 0.569504 0.967960 0.017457 0.022126
1 0.277909 0.582328 0.019181 0.026149
2 0.066369 0.615994 0.018177 0.021851
0 0.714045 0.551006 0.018534 0.025575
1 0.234267 0.434052 0.021121 0.028448
1 0.570259 0.831322 0.019397 0.025862
1 0.428125 0.603448 0.020474 0.024138
1 0.725647 0.041092 0.012500 0.017241
1 0.350108 0.590661 0.021767 0.027299
1 0.496228 0.753592 0.017457 0.022701
1 0.659159 0.698707 0.015733 0.021552
1 0.642241 0.406322 0.014655 0.018966
1 0.434914 0.815086 0.019397 0.023851
1 0.884267 0.069397 0.016810 0.023851
1 0.244181 0.651293 0.014655 0.018678
1 0.155496 0.325431 0.016595 0.023276
1 0.481681 0.044540 0.013362 0.016667
1 0.597845 0.539511 0.018534 0.024425
1 0.628772 0.597414 0.017888 0.023563
1 0.205388 0.814799 0.010345 0.014080
1 0.761638 0.901293 0.016810 0.023851
1 0.774461 0.928448 0.016164 0.022414
1 0.875108 0.505172 0.013578 0.018966
1 0.235129 0.406753 0.013793 0.018678
1 0.557974 0.104598 0.017672 0.024138
1 0.672953 0.006034 0.014009 0.012069
1 0.108728 0.653448 0.020905 0.027586
1 0.497845 0.578879 0.015948 0.023851
1 0.460560 0.523276 0.015086 0.020690
0 0.576616 0.605891 0.011853 0.015805
0 0.709914 0.677586 0.016379 0.021264
1 0.729203 0.669253 0.014440 0.020115
2 0.039575 0.680052 0.015065 0.022917
1 0.538147 0.050862 0.015517 0.018391
1 0.238793 0.150718 0.012500 0.016954
1 0.701616 0.500575 0.022629 0.027586
1 0.902909 0.554310 0.020905 0.027011
2 0.831901 0.462845 0.016369 0.022468
2 0.289563 0.513517 0.021552 0.029885
2 0.330123 0.509693 0.021478 0.029980
