0 0.340194 0.453161 0.014009 0.014655
0 0.326401 0.395402 0.010560 0.018103
0 0.321552 0.462644 0.012931 0.010632
0 0.338147 0.481897 0.015948 0.014655
0 0.350216 0.427155 0.012931 0.016092
0 0.324892 0.431753 0.008405 0.013218
0 0.336853 0.426437 0.009483 0.017529
0 0.591487 0.698707 0.011422 0.016667
0 0.604623 0.708011 0.010308 0.019184
0 0.591185 0.724807 0.019284 0.020589
0 0.576325 0.744256 0.012817 0.018908
0 0.566657 0.769106 0.016256 0.022405
0 0.596767 0.809052 0.012069 0.013793
0 0.580711 0.787931 0.011853 0.013506
0 0.559698 0.815374 0.009914 0.013218
0 0.562636 0.796888 0.012772 0.015328
0 0.648168 0.484626 0.008405 0.016092
0 0.624569 0.473851 0.010345 0.018678
0 0.632866 0.503592 0.010991 0.019540
0 0.652155 0.513649 0.011638 0.015517
0 0.649353 0.462213 0.012931 0.015517
0 0.629526 0.443247 0.009483 0.016092
0 0.638362 0.416092 0.012931 0.015230
0 0.635991 0.559483 0.013578 0.019253
0 0.496228 0.745833 0.008405 0.021264
0 0.513793 0.763506 0.009483 0.022126
0 0.501616 0.798707 0.014009 0.013218
0 0.480280 0.782040 0.013578 0.012069
0 0.495690 0.771839 0.012500 0.014655
0 0.319073 0.447989 0.011638 0.016379
0 0.326401 0.416092 0.015517 0.017529
0 0.353448 0.474856 0.012284 0.020402
2 0.602909 0.502443 0.017241 0.022701
0 0.826364 0.482779 0.013349 0.021368
0 0.724677 0.656609 0.018534 0.022126
0 0.737284 0.640230 0.015948 0.023276
2 0.600323 0.518966 0.018966 0.018966
2 0.600108 0.534914 0.020690 0.018966
1 0.366810 0.757040 0.013147 0.021264
1 0.344612 0.755603 0.014655 0.021264
1 0.361961 0.779310 0.014440 0.016667
1 0.384806 0.896839 0.016379 0.024138
1 0.375970 0.881609 0.017672 0.017816
1 0.368750 0.864224 0.015086 0.012069
1 0.367457 0.852299 0.017457 0.016379
1 0.393534 0.923563 0.016595 0.020402
1 0.360776 0.833477 0.016164 0.019828
1 0.402802 0.942960 0.017457 0.019253
0 0.705603 0.656897 0.015302 0.023563
0 0.721659 0.627874 0.016379 0.022701
0 0.690733 0.652011 0.016595 0.018678
1 0.110668 0.289655 0.010991 0.015230
1 0.118427 0.306609 0.009914 0.014368
1 0.109267 0.301149 0.010560 0.010632
1 0.106466 0.313218 0.009698 0.012931
1 0.108944 0.333046 0.011638 0.012644
1 0.138362 0.326293 0.010560 0.014655
1 0.117672 0.327443 0.011853 0.012931
1 0.134375 0.343103 0.011207 0.016092
1 0.139547 0.358621 0.009914 0.013793
1 0.151078 0.352299 0.012069 0.016667
1 0.152694 0.372126 0.012284 0.017241
2 0.130280 0.289943 0.015302 0.022701
1 0.088254 0.009195 0.012500 0.016092
1 0.070151 0.008190 0.009267 0.013218
1 0.056142 0.025718 0.011207 0.012644
1 0.097198 0.026293 0.010345 0.017241
1 0.072737 0.027586 0.008621 0.010920
1 0.087931 0.054023 0.009052 0.013793
1 0.074246 0.046121 0.009698 0.013793
1 0.072306 0.060057 0.007974 0.013506
1 0.079741 0.067672 0.008190 0.012644
1 0.069504 0.087931 0.010345 0.016092
1 0.081466 0.040374 0.008621 0.013793
1 0.063147 0.144253 0.008190 0.011782
1 0.080496 0.129598 0.007543 0.010345
0 0.415086 0.379310 0.017026 0.021839
0 0.052802 0.616523 0.014009 0.017241
0 0.151293 0.538649 0.015517 0.020690
0 0.166703 0.521695 0.014224 0.022126
0 0.150862 0.517672 0.016595 0.019828
0 0.037823 0.422845 0.012716 0.018678
0 0.047198 0.446264 0.012500 0.017241
0 0.022091 0.409195 0.012284 0.019828
0 0.175323 0.582471 0.011207 0.014368
0 0.190733 0.573994 0.011422 0.016092
0 0.146767 0.192816 0.017026 0.023851
0 0.152550 0.185204 0.011565 0.017236
0 0.141056 0.226006 0.012931 0.017816
1 0.370259 0.424138 0.018103 0.024138
1 0.181142 0.498994 0.012716 0.016954
1 0.168750 0.484770 0.014871 0.018678
1 0.197091 0.527011 0.013793 0.017816
1 0.185776 0.322126 0.012716 0.019253
2 0.032659 0.445655 0.014175 0.020701
2 0.630280 0.056322 0.010991 0.014943
2 0.604310 0.498420 0.017672 0.023851
1 0.553879 0.577443 0.016379 0.020977
2 0.561422 0.296264 0.012069 0.016667
1 0.436746 0.721983 0.015733 0.019253
1 0.602586 0.473707 0.021552 0.027874
1 0.013039 0.412069 0.008405 0.011494
2 0.590194 0.377011 0.020043 0.027586
2 0.466274 0.479379 0.012069 0.016379
1 0.416164 0.724282 0.013793 0.018103
2 0.040194 0.027874 0.011422 0.013793
1 0.610022 0.443391 0.017888 0.022414
1 0.427155 0.686207 0.011207 0.014368
2 0.583662 0.404023 0.017457 0.022989
1 0.411422 0.356753 0.011638 0.016954
1 0.520797 0.859195 0.014871 0.020115
1 0.406358 0.667241 0.017026 0.021839
1 0.846444 0.682040 0.013147 0.017529
1 0.541810 0.597126 0.023276 0.028736
2 0.688039 0.511494 0.010560 0.014943
0 0.537284 0.779167 0.012500 0.015805
1 0.585884 0.495402 0.014009 0.017241
0 0.575216 0.716092 0.013362 0.018391
1 0.619612 0.656609 0.016379 0.022414
1 0.417457 0.677155 0.010776 0.013506
2 0.671659 0.501868 0.016164 0.020977
1 0.535668 0.560057 0.020043 0.025862
1 0.450216 0.459483 0.011207 0.016667
2 0.292672 0.245690 0.011638 0.016092
0 0.551407 0.784037 0.011422 0.015517
1 0.033621 0.635057 0.013793 0.018391
0 0.522629 0.467816 0.016379 0.022414
0 0.535129 0.798563 0.010345 0.014368
1 0.426185 0.709483 0.011422 0.015517
2 0.477222 0.491167 0.017373 0.024612
2 0.474894 0.490874 0.012069 0.016379
2 0.479205 0.496621 0.012069 0.016379
0 0.766841 0.372477 0.014377 0.021368
