0 0.716810 0.722845 0.015517 0.020690
0 0.700754 0.762931 0.011422 0.015230
0 0.721121 0.761925 0.015086 0.013218
0 0.714763 0.787356 0.011422 0.014655
0 0.691056 0.792960 0.014009 0.016667
0 0.684483 0.824425 0.011207 0.018103
0 0.710776 0.822414 0.009483 0.018103
0 0.685453 0.693391 0.013147 0.019253
0 0.680496 0.719828 0.010129 0.018678
0 0.658944 0.722845 0.014009 0.017816
0 0.188793 0.602586 0.012069 0.018103
0 0.215086 0.594540 0.013362 0.014080
0 0.210884 0.635920 0.010129 0.015230
0 0.190517 0.637213 0.011638 0.016667
0 0.124138 0.570115 0.009914 0.015805
0 0.135668 0.556322 0.010129 0.014080
0 0.145690 0.540086 0.012931 0.013218
0 0.102909 0.602155 0.010560 0.012069
0 0.589009 0.568391 0.016379 0.023276
0 0.576940 0.550718 0.013362 0.017241
0 0.568642 0.568822 0.013147 0.017241
0 0.738793 0.714655 0.009483 0.013218
2 0.041056 0.371695 0.008836 0.012356
2 0.105927 0.012787 0.009698 0.013506
0 0.750539 0.711782 0.009698 0.012644
1 0.188254 0.129885 0.011853 0.016092
2 0.008621 0.506822 0.015517 0.021264
1 0.011179 0.571121 0.011638 0.015805
1 0.016056 0.944253 0.014440 0.019540
0 0.728772 0.693678 0.011422 0.016092
0 0.746336 0.687069 0.009483 0.013218
1 0.014336 0.552957 0.011502 0.014049
1 0.027121 0.515428 0.010358 0.013112
1 0.020612 0.611799 0.009944 0.012267
1 0.052172 0.657963 0.012373 0.016204
1 0.031593 0.679779 0.011832 0.012523
1 0.020724 0.701445 0.010168 0.012290
1 0.035181 0.666167 0.011537 0.014557
1 0.035981 0.639842 0.010804 0.014195
1 0.032853 0.651672 0.011550 0.014204
1 0.076287 0.128851 0.009888 0.013095
1 0.072392 0.099980 0.010106 0.014080
1 0.090659 0.099543 0.008420 0.011750
1 0.110698 0.090221 0.011006 0.013491
1 0.119800 0.094072 0.008461 0.014879
1 0.127416 0.099882 0.008700 0.014267
1 0.057401 0.168563 0.013688 0.016675
1 0.047638 0.155830 0.011009 0.012540
1 0.048711 0.208856 0.015780 0.019083
1 0.069196 0.201566 0.014851 0.018618
1 0.042733 0.191210 0.013907 0.015549
1 0.036728 0.178296 0.011720 0.014198
1 0.023733 0.176690 0.014052 0.014500
0 0.031860 0.162882 0.012720 0.015422
0 0.029312 0.147155 0.012032 0.016704
1 0.036778 0.116606 0.009071 0.012362
1 0.023983 0.067032 0.010478 0.013776
1 0.012985 0.061284 0.009047 0.010911
0 0.034103 0.075040 0.008560 0.013928
0 0.364461 0.111106 0.015886 0.021034
0 0.362491 0.077491 0.016185 0.021040
0 0.342474 0.103704 0.013601 0.013661
0 0.675642 0.052899 0.016103 0.019221
0 0.666224 0.035833 0.011901 0.014066
0 0.656858 0.053428 0.012414 0.013879
1 0.667918 0.097514 0.009045 0.011434
1 0.664666 0.082782 0.009655 0.014468
1 0.646440 0.075368 0.009672 0.013580
0 0.645718 0.054661 0.010580 0.014270
0 0.667528 0.253655 0.011345 0.016733
0 0.677843 0.221693 0.008297 0.011845
0 0.655388 0.228974 0.012938 0.018454
0 0.689093 0.233615 0.009050 0.012954
0 0.666741 0.229319 0.011470 0.017776
1 0.071629 0.335029 0.012170 0.014471
1 0.080873 0.322365 0.011065 0.015267
1 0.084183 0.289718 0.007890 0.010305
1 0.092899 0.282730 0.008526 0.010014
1 0.074220 0.305968 0.008024 0.011083
1 0.078509 0.298118 0.007735 0.009690
1 0.136985 0.262555 0.010595 0.014164
1 0.055401 0.365009 0.009088 0.010784
1 0.040873 0.391787 0.009220 0.012586
1 0.049597 0.340911 0.009502 0.011086
1 0.066310 0.353796 0.008731 0.010822
1 0.072925 0.361339 0.008560 0.011284
1 0.073642 0.349152 0.008058 0.010155
1 0.094080 0.319968 0.011037 0.014408
1 0.093506 0.333511 0.009384 0.011578
0 0.429506 0.346178 0.016226 0.018667
0 0.456196 0.334029 0.011315 0.013497
0 0.451614 0.348497 0.010899 0.013118
0 0.434853 0.371037 0.011733 0.016129
0 0.407558 0.328552 0.012782 0.016190
0 0.558304 0.336362 0.012244 0.017848
0 0.560530 0.320871 0.013991 0.014264
0 0.591039 0.308466 0.012086 0.015026
0 0.610754 0.314494 0.010937 0.016566
1 0.580448 0.437480 0.012478 0.020003
1 0.571015 0.477963 0.013308 0.014187
1 0.558662 0.461181 0.011528 0.014681
0 0.662515 0.592037 0.014789 0.019779
0 0.665284 0.626126 0.012752 0.012397
1 0.828136 0.743080 0.012334 0.015925
1 0.798763 0.734503 0.010892 0.014029
1 0.838455 0.676144 0.010892 0.014029
1 0.871603 0.660282 0.013761 0.019853
1 0.883543 0.675020 0.011239 0.019147
1 0.754265 0.064009 0.014459 0.019678
1 0.743381 0.051601 0.013399 0.019678
1 0.725125 0.040925 0.013399 0.019678
1 0.187388 0.744948 0.012067 0.016635
1 0.146933 0.760598 0.013004 0.016540
1 0.135209 0.743388 0.011983 0.012767
1 0.050162 0.855589 0.013252 0.015618
1 0.068481 0.834339 0.013341 0.015399
1 0.105220 0.709399 0.013185 0.013477
1 0.127942 0.700244 0.011332 0.015233
1 0.098920 0.734397 0.012946 0.016888
1 0.052222 0.707991 0.010925 0.012807
0 0.588278 0.647583 0.015478 0.019718
0 0.499688 0.612698 0.009515 0.014647
0 0.521119 0.612652 0.011478 0.015477
0 0.524759 0.644141 0.011134 0.017454
0 0.739116 0.794328 0.012358 0.019345
0 0.745976 0.748388 0.012761 0.015460
0 0.747763 0.771629 0.011125 0.017172
