0 0.181034 0.788649 0.011638 0.017241
0 0.164978 0.815805 0.010560 0.018103
0 0.166487 0.794253 0.012716 0.022126
0 0.152155 0.771552 0.009914 0.022126
0 0.167457 0.766667 0.011638 0.017529
0 0.146444 0.815086 0.010560 0.021839
0 0.180819 0.831322 0.009052 0.022701
0 0.183728 0.712787 0.010129 0.017816
0 0.168966 0.741236 0.009483 0.010920
0 0.181250 0.748563 0.009052 0.014655
0 0.190086 0.770690 0.012500 0.013506
0 0.205496 0.683046 0.010560 0.017529
0 0.189763 0.685057 0.010129 0.018678
0 0.206034 0.658621 0.012500 0.018103
0 0.195366 0.667385 0.010991 0.016667
0 0.229418 0.680460 0.013147 0.014655
0 0.243211 0.631609 0.011422 0.018678
0 0.230603 0.632328 0.011638 0.017241
0 0.231573 0.659339 0.013578 0.019540
0 0.209052 0.721552 0.011638 0.019253
0 0.718858 0.197845 0.016164 0.017529
0 0.732974 0.182759 0.016595 0.020402
0 0.874677 0.304167 0.017888 0.023563
0 0.903341 0.732471 0.022414 0.027299
0 0.918858 0.707040 0.020043 0.025287
0 0.819188 0.230158 0.015489 0.017468
0 0.834698 0.905316 0.021552 0.025287
0 0.850647 0.932328 0.020690 0.028736
0 0.393319 0.576437 0.019181 0.019828
1 0.433297 0.377155 0.025862 0.028736
1 0.445259 0.356753 0.022845 0.032471
1 0.465409 0.487500 0.029095 0.038506
1 0.387284 0.527155 0.023060 0.031034
1 0.460237 0.177586 0.024353 0.031034
1 0.473707 0.142098 0.026509 0.034770
1 0.599677 0.053736 0.017457 0.025000
1 0.586315 0.040948 0.017672 0.027299
1 0.623384 0.069540 0.016810 0.024425
1 0.282220 0.026437 0.021983 0.029598
1 0.120690 0.091236 0.016810 0.025287
1 0.133836 0.057759 0.016810 0.023851
1 0.143103 0.089655 0.019181 0.027011
1 0.162069 0.071264 0.018319 0.026437
1 0.179634 0.096552 0.017026 0.022414
1 0.655172 0.577874 0.027586 0.038506
2 0.941595 0.116523 0.010776 0.014655
1 0.362177 0.281322 0.015733 0.021839
1 0.955172 0.491379 0.014224 0.020115
1 0.655711 0.897414 0.022198 0.029310
1 0.315409 0.750000 0.022198 0.030460
0 0.552263 0.700575 0.019612 0.028736
2 0.955280 0.097989 0.010991 0.014368
1 0.765194 0.830316 0.017457 0.024425
1 0.719397 0.515230 0.018534 0.025287
2 0.927586 0.075431 0.009483 0.012356
1 0.892349 0.807759 0.015733 0.021264
1 0.663578 0.945833 0.017241 0.023851
1 0.700108 0.890661 0.018319 0.023851
1 0.099461 0.693103 0.020905 0.027011
2 0.960345 0.087644 0.012069 0.016092
1 0.899677 0.828448 0.014871 0.021264
1 0.631573 0.570259 0.022198 0.031897
1 0.231034 0.870833 0.017241 0.021552
0 0.431000 0.835345 0.019828 0.027011
1 0.835022 0.632184 0.026940 0.033333
1 0.649677 0.924569 0.020043 0.029023
1 0.265194 0.788649 0.023060 0.032471
1 0.659591 0.490948 0.015302 0.021552
1 0.497414 0.098132 0.017241 0.023276
1 0.714763 0.812500 0.021336 0.027299
0 0.641703 0.826724 0.026940 0.035632
0 0.649353 0.788649 0.021121 0.026724
1 0.643966 0.551437 0.016379 0.022414
0 0.671228 0.795690 0.023060 0.029310
1 0.320043 0.928448 0.019828 0.026437
1 0.870797 0.824713 0.014440 0.018966
1 0.427694 0.509339 0.019181 0.027874
1 0.371444 0.241810 0.014440 0.019253
1 0.532974 0.719397 0.019828 0.026724
0 0.559052 0.663649 0.018966 0.025575
1 0.911315 0.476437 0.017026 0.023563
1 0.486315 0.280029 0.013578 0.018103
1 0.630172 0.974856 0.014224 0.019828
1 0.647198 0.959483 0.012069 0.018391
1 0.336961 0.949856 0.015733 0.021552
1 0.675647 0.553305 0.015517 0.021552
1 0.377047 0.475862 0.017888 0.024713
1 0.630819 0.892960 0.024569 0.033621
1 0.690733 0.519253 0.017672 0.024713
0 0.551457 0.737069 0.018966 0.024138
1 0.683621 0.916236 0.015517 0.025000
1 0.603233 0.605029 0.018534 0.027299
1 0.696767 0.933046 0.020259 0.025287
0 0.848060 0.870546 0.015517 0.021552
1 0.694504 0.655747 0.022198 0.028736
1 0.628448 0.923707 0.012931 0.018103
1 0.553879 0.617098 0.017672 0.025575
1 0.319073 0.715517 0.022198 0.033908
1 0.734052 0.926149 0.018534 0.026437
1 0.760453 0.807615 0.017457 0.023851
2 0.935884 0.126149 0.010129 0.013218
1 0.944181 0.813362 0.014224 0.021552
1 0.745151 0.846408 0.025216 0.030172
1 0.445366 0.528879 0.019612 0.027874
1 0.363362 0.259195 0.012500 0.017816
1 0.752478 0.791236 0.016595 0.022126
1 0.643534 0.989799 0.015517 0.019253
1 0.982112 0.174425 0.011638 0.015517
0 0.703341 0.488937 0.012284 0.017529
1 0.468427 0.372845 0.019612 0.027299
1 0.416379 0.305603 0.013362 0.018678
1 0.362177 0.058764 0.013578 0.019253
1 0.759267 0.905029 0.019397 0.027299
1 0.430280 0.969540 0.012284 0.017816
1 0.675539 0.962069 0.015733 0.020690
1 0.716379 0.669109 0.020690 0.030172
0 0.902802 0.730747 0.015948 0.023563
1 0.154310 0.470690 0.020690 0.027586
1 0.945905 0.271839 0.014655 0.020115
1 0.314116 0.580029 0.021336 0.030172
0 0.663362 0.848563 0.021121 0.024138
0 0.909806 0.756466 0.017457 0.024425
1 0.707543 0.870977 0.017241 0.022989
1 0.844552 0.600397 0.022629 0.028736
1 0.414440 0.963937 0.013362 0.018103
1 0.166703 0.546121 0.014871 0.019828
1 0.534591 0.990517 0.013578 0.017816
1 0.911099 0.500000 0.016595 0.023563
1 0.153341 0.689511 0.017888 0.025000
0 0.469181 0.783190 0.020690 0.027874
1 0.479634 0.522270 0.023491 0.035920
1 0.289440 0.872989 0.017672 0.023563
1 0.764224 0.553592 0.016379 0.022701
1 0.931681 0.799713 0.022414 0.033333
1 0.675000 0.900144 0.015948 0.022126
1 0.403017 0.442241 0.015948 0.022414
0 0.878341 0.778305 0.015733 0.022701
1 0.592457 0.625000 0.015086 0.021839
1 0.235453 0.006753 0.014009 0.013506
1 0.366164 0.510632 0.019828 0.027011
1 0.109591 0.643678 0.023060 0.031609
1 0.739871 0.526580 0.019397 0.027874
0 0.851940 0.893247 0.017672 0.023276
1 0.448922 0.501580 0.016810 0.022126
1 0.380388 0.266379 0.019828 0.025862
2 0.953017 0.112644 0.010345 0.015517
1 0.970151 0.111925 0.019181 0.025000
1 0.135991 0.557902 0.011638 0.018678
1 0.902155 0.457184 0.015086 0.019540
1 0.517457 0.507328 0.013362 0.019828
2 0.928556 0.098563 0.008836 0.012644
1 0.708082 0.521264 0.010991 0.016667
1 0.392349 0.460776 0.020905 0.026724
1 0.516379 0.180029 0.016379 0.023276
1 0.958728 0.798994 0.012716 0.017529
1 0.107543 0.590661 0.014655 0.019828
1 0.415625 0.487069 0.015733 0.022414
1 0.132220 0.023276 0.011422 0.014943
1 0.584159 0.066810 0.012716 0.017529
1 0.683836 0.865230 0.017672 0.022989
1 0.479526 0.348276 0.018966 0.024138
0 0.521121 0.971839 0.012069 0.017241
1 0.332220 0.289080 0.013147 0.018966
1 0.837177 0.752730 0.013147 0.019828
1 0.439655 0.309195 0.021983 0.031609
1 0.426293 0.283908 0.012931 0.018966
0 0.446597 0.821463 0.019084 0.022690
0 0.457138 0.803968 0.019084 0.022690
