2 0.503935 0.559330 0.020297 0.025718
2 0.511315 0.588506 0.012716 0.023276
2 0.540948 0.588793 0.015517 0.026724
2 0.527263 0.558477 0.013578 0.016667
2 0.938254 0.392385 0.013578 0.022989
2 0.848599 0.359626 0.014440 0.018966
2 0.866300 0.358994 0.014207 0.026724
2 0.989224 0.267816 0.012069 0.018103
0 0.867026 0.464799 0.021552 0.027011
0 0.394828 0.776006 0.021121 0.025862
0 0.423922 0.785632 0.020043 0.018391
0 0.403341 0.795546 0.020259 0.027874
0 0.421767 0.847989 0.021336 0.016379
0 0.403017 0.737787 0.018103 0.020690
0 0.421875 0.767960 0.017026 0.014943
0 0.405065 0.758621 0.018319 0.013218
1 0.705280 0.506466 0.017026 0.022701
1 0.491703 0.533190 0.018319 0.023276
1 0.721444 0.591379 0.017026 0.021264
2 0.950767 0.374216 0.014181 0.019509
1 0.441056 0.631178 0.016595 0.020402
0 0.739332 0.473563 0.017888 0.024138
1 0.654957 0.743822 0.022414 0.031322
1 0.471444 0.752874 0.014871 0.018966
1 0.462177 0.520690 0.021767 0.027586
1 0.695043 0.592960 0.015086 0.019828
0 0.433405 0.545546 0.015086 0.018678
1 0.552155 0.344109 0.016810 0.022701
1 0.994289 0.451006 0.010991 0.020977
1 0.492457 0.425000 0.017241 0.021839
1 0.400216 0.472845 0.021121 0.026724
1 0.456250 0.590661 0.012931 0.016954
1 0.517780 0.459195 0.015302 0.019540
1 0.565409 0.315230 0.015302 0.020690
1 0.788793 0.638362 0.016810 0.021552
0 0.722845 0.523420 0.017672 0.022126
0 0.334483 0.602730 0.015086 0.020402
1 0.716056 0.357902 0.020905 0.027299
1 0.684267 0.476293 0.016379 0.021552
1 0.335129 0.496408 0.018103 0.022701
1 0.784914 0.660489 0.019397 0.024425
1 0.723815 0.633477 0.021336 0.027299
1 0.459806 0.651149 0.016595 0.018391
2 0.957004 0.325575 0.009267 0.012069
0 0.757866 0.487931 0.017026 0.022414
1 0.747306 0.636351 0.014009 0.017529
0 0.378448 0.606753 0.015948 0.021552
2 0.972955 0.253649 0.014399 0.017282
1 0.569289 0.764655 0.016595 0.020115
0 0.403879 0.552155 0.018534 0.023276
1 0.734698 0.383190 0.022845 0.029023
1 0.319073 0.569397 0.016595 0.022126
1 0.554310 0.789224 0.016379 0.020402
1 0.605711 0.358908 0.017026 0.024138
1 0.705496 0.484483 0.017888 0.022414
1 0.697629 0.574138 0.017241 0.020115
1 0.608082 0.792816 0.016164 0.020690
1 0.489440 0.507759 0.018103 0.022414
1 0.685345 0.737213 0.016379 0.020402
1 0.481789 0.737356 0.015733 0.019540
0 0.443211 0.533621 0.017026 0.020690
1 0.656358 0.559195 0.014871 0.018391
1 0.585453 0.366379 0.014009 0.018391
1 0.596659 0.456178 0.014009 0.017529
1 0.995043 0.929598 0.009483 0.016667
1 0.471552 0.408046 0.015086 0.020690
0 0.422953 0.585201 0.015302 0.018678
0 0.693427 0.376724 0.016164 0.022414
1 0.468966 0.632902 0.016379 0.020977
1 0.366379 0.529310 0.013793 0.015517
1 0.497845 0.683046 0.016810 0.020690
1 0.642241 0.778161 0.017241 0.021264
1 0.555172 0.808908 0.016810 0.019540
1 0.588578 0.765517 0.016379 0.021264
0 0.412716 0.607759 0.018103 0.024713
1 0.335453 0.579741 0.018750 0.024425
1 0.574461 0.746408 0.014871 0.016954
1 0.627909 0.373851 0.016164 0.019540
1 0.485776 0.706466 0.016810 0.020402
1 0.463147 0.431897 0.017672 0.024713
1 0.669720 0.752155 0.014440 0.018678
1 0.592780 0.802299 0.017457 0.020690
1 0.357759 0.579741 0.019397 0.024425
2 0.941440 0.364170 0.011024 0.015609
1 0.584591 0.441954 0.017888 0.022989
1 0.724246 0.676580 0.013578 0.018678
0 0.471767 0.567098 0.015086 0.019253
1 0.893103 0.453879 0.014655 0.018678
1 0.723922 0.610345 0.014655 0.018966
0 0.388039 0.409483 0.019181 0.024713
1 0.738362 0.692385 0.018534 0.024425
1 0.682220 0.563075 0.015302 0.018103
1 0.678664 0.401580 0.014224 0.018103
1 0.836530 0.452586 0.015302 0.020690
1 0.606573 0.486638 0.014440 0.018103
0 0.647091 0.446408 0.016164 0.022126
0 0.737069 0.559626 0.017241 0.023276
1 0.354849 0.551437 0.019612 0.023563
1 0.706250 0.540805 0.018966 0.025287
0 0.299030 0.285345 0.012716 0.016092
1 0.332974 0.554598 0.018966 0.025287
1 0.595151 0.929310 0.016595 0.020690
1 0.863685 0.564368 0.016595 0.020115
1 0.624030 0.522701 0.016595 0.021839
1 0.644935 0.475718 0.013578 0.018103
0 0.745582 0.505029 0.015733 0.019253
1 0.603125 0.774138 0.018319 0.020115
1 0.694289 0.706609 0.016164 0.019540
1 0.628341 0.469397 0.012284 0.015230
2 0.513039 0.660057 0.027802 0.036782
1 0.488685 0.765374 0.016164 0.019828
1 0.520797 0.701724 0.013147 0.017241
1 0.670474 0.428592 0.013793 0.018103
1 0.686853 0.348132 0.014655 0.019253
1 0.682651 0.503879 0.017457 0.022126
0 0.439224 0.508764 0.012931 0.015805
1 0.476401 0.487931 0.013578 0.017241
1 0.363362 0.492098 0.017672 0.020402
1 0.499677 0.455747 0.013578 0.016667
2 0.588864 0.316954 0.014871 0.017816
0 0.760022 0.459195 0.017888 0.022989
1 0.585022 0.916523 0.014871 0.017529
2 0.603006 0.293216 0.018769 0.023356
2 0.966778 0.274914 0.011351 0.015733
2 0.963144 0.290954 0.012407 0.016822
