2 0.356442 0.565494 0.022200 0.022546
2 0.267468 0.469175 0.021099 0.024003
2 0.236853 0.298851 0.015948 0.021552
2 0.256466 0.291523 0.018966 0.024138
2 0.356681 0.586782 0.018966 0.022701
2 0.352530 0.608382 0.016698 0.024520
2 0.383728 0.583908 0.014871 0.018103
2 0.379203 0.603879 0.020043 0.020690
2 0.373724 0.675431 0.019190 0.024713
2 0.356942 0.711236 0.019009 0.028503
2 0.346509 0.642675 0.011091 0.016244
1 0.681573 0.177299 0.022198 0.026437
1 0.665409 0.148132 0.024353 0.030460
1 0.936853 0.451006 0.014655 0.020690
1 0.944612 0.434914 0.012284 0.017529
1 0.957866 0.407902 0.011853 0.014943
1 0.957220 0.391667 0.012500 0.016667
1 0.510237 0.611063 0.021336 0.029023
1 0.526185 0.585345 0.020474 0.029885
1 0.499246 0.590517 0.019181 0.025287
1 0.538362 0.705747 0.020690 0.027011
1 0.816164 0.480603 0.021121 0.027874
1 0.414655 0.456609 0.020259 0.027011
1 0.453664 0.604023 0.021983 0.029310
1 0.599784 0.239655 0.017241 0.022414
1 0.590841 0.725575 0.019181 0.024713
1 0.562392 0.734626 0.023060 0.031897
1 0.523491 0.807328 0.026293 0.031322
1 0.630280 0.658046 0.018319 0.024713
1 0.520582 0.784770 0.017457 0.022989
1 0.520366 0.340517 0.018750 0.026437
1 0.981897 0.369109 0.013362 0.018103
1 0.700000 0.466810 0.018103 0.023851
1 0.709698 0.769684 0.014655 0.020402
1 0.558082 0.596839 0.016164 0.019540
1 0.426185 0.737500 0.013578 0.018103
0 0.605819 0.628879 0.015086 0.018103
1 0.508836 0.571121 0.015517 0.020977
1 0.680819 0.217529 0.016379 0.024713
1 0.605388 0.659626 0.017672 0.023276
0 0.593750 0.579310 0.019397 0.025287
0 0.552802 0.464511 0.016379 0.023276
1 0.673599 0.249282 0.015302 0.023276
1 0.651509 0.662356 0.016810 0.022989
1 0.507004 0.749138 0.022198 0.033333
1 0.704957 0.447557 0.012931 0.016954
1 0.968966 0.396839 0.009914 0.012644
1 0.742241 0.465517 0.014655 0.020115
1 0.654526 0.220833 0.021983 0.029598
1 0.879707 0.093822 0.017672 0.023851
1 0.680819 0.641667 0.016379 0.022414
1 0.300970 0.775718 0.018319 0.023276
1 0.537608 0.322989 0.020905 0.030460
1 0.405496 0.262069 0.014009 0.019540
1 0.112716 0.963075 0.016379 0.021552
1 0.463685 0.325575 0.018319 0.026437
1 0.446336 0.464943 0.018966 0.024138
1 0.624246 0.400718 0.017457 0.021552
1 0.468966 0.620115 0.015086 0.019540
1 0.805603 0.461638 0.022414 0.028448
1 0.843534 0.567241 0.021121 0.027011
1 0.611746 0.696408 0.017457 0.023851
1 0.540302 0.350431 0.016379 0.022126
1 0.728233 0.219397 0.015948 0.023276
1 0.628233 0.624569 0.013793 0.018103
1 0.719073 0.449569 0.014871 0.018103
1 0.299246 0.749138 0.016595 0.021264
1 0.598060 0.555316 0.016810 0.022126
1 0.767888 0.191092 0.021121 0.027011
1 0.543211 0.881466 0.013578 0.016954
1 0.271013 0.376724 0.012284 0.016092
1 0.528017 0.637644 0.012931 0.017241
1 0.521659 0.302011 0.016595 0.022414
0 0.433944 0.444397 0.019612 0.025575
1 0.433944 0.522989 0.019181 0.024138
1 0.535668 0.829023 0.018319 0.023563
1 0.315841 0.548994 0.021767 0.027874
1 0.500862 0.832615 0.017672 0.023276
1 0.561099 0.481609 0.013147 0.017241
1 0.582543 0.236925 0.014224 0.018103
0 0.576616 0.666667 0.014871 0.018966
1 0.494289 0.809626 0.020905 0.026724
1 0.440409 0.324713 0.017888 0.024138
1 0.876616 0.486925 0.016595 0.022126
1 0.620151 0.608046 0.017026 0.020690
1 0.430388 0.613075 0.017672 0.024425
1 0.707004 0.683477 0.017888 0.025000
1 0.771121 0.165805 0.015517 0.020115
1 0.496767 0.777586 0.013362 0.017241
1 0.558944 0.895833 0.014440 0.019828
1 0.511315 0.686494 0.016595 0.021839
1 0.585668 0.263937 0.017888 0.024425
1 0.530819 0.868247 0.013793 0.017529
1 0.286530 0.716810 0.011853 0.016379
1 0.557543 0.561351 0.018534 0.024425
1 0.507543 0.711207 0.020259 0.025287
1 0.516703 0.701580 0.014009 0.018678
1 0.130172 0.956322 0.015517 0.020115
1 0.633297 0.235201 0.016164 0.020977
1 0.456358 0.443103 0.017888 0.024138
1 0.657004 0.637500 0.015733 0.020402
1 0.461099 0.690661 0.020043 0.025575
1 0.421983 0.169540 0.016810 0.024713
0 0.750970 0.227155 0.012284 0.016954
1 0.429741 0.147845 0.018103 0.023276
1 0.696552 0.222126 0.015086 0.020690
1 0.546121 0.488362 0.012931 0.018678
1 0.695043 0.645259 0.017241 0.022126
1 0.333621 0.531178 0.019828 0.026149
2 0.804741 0.117529 0.013793 0.017816
1 0.734698 0.885201 0.015517 0.019828
1 0.886099 0.466523 0.014871 0.019828
1 0.612931 0.348994 0.016379 0.022701
1 0.126616 0.980891 0.017888 0.024425
1 0.959591 0.006897 0.016164 0.013793
1 0.262392 0.413362 0.017888 0.023276
2 0.355129 0.654170 0.011091 0.016244
2 0.786019 0.104382 0.017075 0.022210
1 0.898664 0.084770 0.017246 0.019586
1 0.908545 0.058624 0.017246 0.019586
1 0.921261 0.037899 0.017151 0.021376
1 0.931894 0.016756 0.019634 0.025991
0 0.264627 0.581147 0.019927 0.026190
0 0.245640 0.573201 0.020325 0.026578
0 0.298442 0.630282 0.020401 0.027940
