2 0.173168 0.346264 0.011853 0.016667
2 0.168858 0.363218 0.012500 0.017529
2 0.156142 0.378592 0.009052 0.016667
2 0.140194 0.377586 0.009698 0.016667
2 0.145690 0.361494 0.011853 0.020977
2 0.157112 0.347557 0.011207 0.017529
2 0.187177 0.355460 0.012500 0.017529
2 0.180603 0.389368 0.013793 0.015805
2 0.166272 0.418103 0.008405 0.015805
2 0.175431 0.428161 0.008405 0.014943
2 0.174138 0.413362 0.008405 0.011207
2 0.188793 0.412931 0.009052 0.010345
2 0.196659 0.403736 0.015733 0.020115
2 0.196659 0.374138 0.011853 0.014943
2 0.390302 0.346695 0.015086 0.020977
2 0.367457 0.379023 0.016379 0.020977
2 0.380172 0.371121 0.015733 0.017529
2 0.399784 0.377586 0.019612 0.020115
2 0.412823 0.340230 0.015733 0.018391
2 0.424246 0.366810 0.016379 0.022701
2 0.419720 0.390230 0.013793 0.019253
2 0.442888 0.372414 0.014440 0.020115
2 0.353017 0.352874 0.016379 0.013793
2 0.338362 0.355460 0.013147 0.013793
2 0.322414 0.372414 0.011207 0.012931
2 0.335129 0.396408 0.018319 0.020977
2 0.330819 0.415517 0.011207 0.013793
2 0.354310 0.385489 0.016379 0.018391
2 0.336099 0.371552 0.013793 0.014943
2 0.742457 0.364655 0.014871 0.025287
2 0.730612 0.389310 0.015733 0.022126
2 0.747414 0.401580 0.011638 0.015517
2 0.758190 0.390517 0.016595 0.024425
2 0.760237 0.364080 0.012500 0.017816
1 0.200000 0.191667 0.017457 0.024138
1 0.217457 0.178017 0.014009 0.020115
1 0.214547 0.210632 0.014009 0.015517
1 0.199194 0.232138 0.015621 0.022609
1 0.237284 0.219684 0.014009 0.020977
1 0.228233 0.197845 0.012284 0.020977
1 0.231142 0.161782 0.010991 0.016954
1 0.238793 0.032040 0.016810 0.026437
1 0.232974 0.056178 0.013362 0.016954
1 0.228879 0.079454 0.014655 0.018678
1 0.221013 0.137356 0.012716 0.016379
1 0.244198 0.124917 0.014616 0.020092
1 0.305711 0.160201 0.018103 0.020115
1 0.329634 0.157471 0.018103 0.017816
1 0.334914 0.140374 0.009914 0.016379
1 0.351509 0.159483 0.017457 0.016954
2 0.621013 0.335489 0.014009 0.029598
2 0.640086 0.354454 0.017457 0.028736
2 0.518103 0.284052 0.015302 0.023276
2 0.500000 0.309483 0.014009 0.016667
2 0.634159 0.321121 0.012500 0.019540
1 0.116487 0.320115 0.017888 0.024713
1 0.125000 0.160776 0.016810 0.020977
1 0.136422 0.330891 0.018103 0.022701
1 0.863470 0.459914 0.018319 0.023851
1 0.265517 0.170259 0.015086 0.021552
1 0.116918 0.349425 0.017026 0.021839
1 0.248060 0.176149 0.015086 0.021839
1 0.214224 0.247989 0.014655 0.020115
1 0.877371 0.444397 0.016379 0.020402
1 0.688901 0.344540 0.015302 0.021839
1 0.185129 0.455172 0.017241 0.022414
1 0.120797 0.451724 0.019181 0.022989
1 0.247392 0.090661 0.015733 0.022126
1 0.857651 0.478592 0.017026 0.021552
1 0.878341 0.480316 0.017026 0.023276
1 0.249461 0.053592 0.015302 0.019253
1 0.074246 0.103736 0.017026 0.021839
1 0.262069 0.075287 0.014224 0.019540
1 0.110022 0.070115 0.015733 0.021839
1 0.341379 0.236494 0.016810 0.022414
1 0.259159 0.218678 0.015733 0.023563
1 0.118750 0.475862 0.018103 0.022414
1 0.342241 0.629167 0.018534 0.022126
0 0.606142 0.836638 0.024353 0.034195
1 0.300323 0.126006 0.015302 0.020402
1 0.290302 0.467816 0.017241 0.020690
1 0.180496 0.484052 0.014009 0.018103
1 0.067241 0.204741 0.015517 0.018678
1 0.071767 0.219684 0.015086 0.019253
1 0.123276 0.184052 0.015517 0.020402
1 0.106034 0.186063 0.015948 0.020402
1 0.697845 0.402874 0.016379 0.021264
2 0.045366 0.404681 0.013578 0.017816
1 0.309267 0.462787 0.017672 0.022701
1 0.831789 0.162931 0.020043 0.025862
1 0.352371 0.213937 0.016379 0.020977
1 0.166487 0.047557 0.018319 0.023851
1 0.168427 0.460776 0.015302 0.019828
1 0.278284 0.151842 0.018534 0.020690
2 0.009869 0.413445 0.019181 0.026149
1 0.303341 0.106034 0.017457 0.022414
1 0.089978 0.180029 0.014440 0.018678
1 0.282866 0.112787 0.012716 0.016954
1 0.165733 0.790374 0.022845 0.027299
1 0.549353 0.061494 0.019397 0.025287
1 0.042888 0.175000 0.014224 0.018391
1 0.077047 0.173563 0.017888 0.022414
1 0.901616 0.417960 0.017457 0.023276
1 0.388578 0.458908 0.020259 0.026437
1 0.270797 0.502586 0.016595 0.021839
1 0.162069 0.529885 0.018966 0.023563
1 0.674461 0.410920 0.015302 0.019540
1 0.075431 0.076868 0.020690 0.027299
1 0.039871 0.358190 0.015086 0.018678
1 0.054310 0.038793 0.018534 0.023563
1 0.811099 0.152874 0.018750 0.026437
1 0.177155 0.505603 0.018103 0.021552
1 0.016487 0.110345 0.014440 0.017816
1 0.043319 0.215517 0.015948 0.020115
1 0.303233 0.079167 0.016379 0.022126
1 0.199784 0.058046 0.015948 0.021839
1 0.275431 0.215374 0.015517 0.020977
1 0.498384 0.158764 0.015733 0.019828
1 0.325431 0.082471 0.019828 0.024138
1 0.206250 0.443822 0.016810 0.019828
