2 0.831909 0.375667 0.014328 0.018342
2 0.846705 0.387879 0.012194 0.017135
2 0.840851 0.354943 0.014881 0.019463
2 0.859114 0.348578 0.016037 0.021095
2 0.289547 0.450144 0.012931 0.020977
2 0.292026 0.424856 0.016595 0.023851
2 0.312823 0.413362 0.012284 0.020115
2 0.309591 0.444971 0.012931 0.022126
2 0.243211 0.447270 0.012284 0.015230
2 0.265409 0.440086 0.012284 0.018103
2 0.257543 0.395546 0.015086 0.022989
2 0.230280 0.413362 0.013578 0.025862
2 0.237392 0.394684 0.013578 0.017241
2 0.266918 0.419540 0.017888 0.022989
2 0.247522 0.417672 0.013578 0.017241
2 0.251832 0.434914 0.012284 0.013506
2 0.446078 0.385474 0.017004 0.022126
2 0.465586 0.370374 0.017918 0.024417
2 0.452284 0.406178 0.012345 0.015230
2 0.502155 0.388937 0.012931 0.020977
2 0.517513 0.380747 0.017782 0.023851
2 0.535390 0.381997 0.016722 0.025601
2 0.552802 0.396983 0.013578 0.016379
2 0.576832 0.379741 0.010129 0.018103
2 0.563254 0.368822 0.012931 0.019253
2 0.559267 0.349138 0.016595 0.014368
1 0.921552 0.151724 0.018534 0.024713
1 0.286422 0.845115 0.018103 0.024713
1 0.400862 0.511925 0.016379 0.022126
1 0.196767 0.694828 0.017672 0.023563
1 0.382543 0.527730 0.018966 0.024425
1 0.362284 0.122126 0.017241 0.022414
1 0.978987 0.454885 0.014871 0.020115
1 0.137931 0.849282 0.015517 0.021552
1 0.178987 0.696121 0.017457 0.025000
1 0.242457 0.703736 0.016379 0.021839
1 0.298815 0.824138 0.018319 0.025287
1 0.212608 0.701149 0.016164 0.020690
1 0.303772 0.798707 0.022629 0.027874
1 0.302586 0.752874 0.014655 0.018391
1 0.246659 0.346408 0.017457 0.023276
1 0.254526 0.717529 0.017241 0.022414
1 0.320151 0.809483 0.016164 0.021264
1 0.463793 0.634626 0.017672 0.024425
1 0.366164 0.084626 0.016379 0.019828
1 0.250323 0.743391 0.017457 0.023563
1 0.807004 0.413649 0.017888 0.021552
1 0.358082 0.241236 0.016595 0.020402
1 0.966056 0.984914 0.016164 0.022126
1 0.106466 0.452730 0.014224 0.018103
1 0.010991 0.512069 0.016379 0.020690
1 0.251509 0.972845 0.017672 0.023276
1 0.108621 0.912213 0.015948 0.021552
1 0.433082 0.168966 0.015302 0.020115
1 0.413362 0.151437 0.015948 0.020690
1 0.118103 0.890661 0.015086 0.019828
1 0.902478 0.142672 0.017457 0.023276
1 0.958405 0.454167 0.014655 0.018678
1 0.185129 0.474569 0.018103 0.023851
1 0.152909 0.408190 0.016164 0.020977
1 0.123384 0.944684 0.014871 0.019253
1 0.344720 0.110201 0.017888 0.021552
1 0.253664 0.193966 0.017672 0.021839
1 0.044720 0.534052 0.015733 0.019828
1 0.438793 0.107902 0.017672 0.022126
1 0.102909 0.895115 0.012716 0.016667
1 0.416487 0.129885 0.016164 0.020690
1 0.280065 0.773276 0.019181 0.025287
1 0.605065 0.778879 0.013578 0.018678
1 0.179526 0.499282 0.016810 0.020402
1 0.382866 0.194971 0.017457 0.022126
1 0.757220 0.728736 0.017888 0.023563
1 0.933190 0.134195 0.015948 0.021839
1 0.340086 0.270977 0.016379 0.021264
1 0.744289 0.564655 0.013578 0.018966
1 0.454418 0.702155 0.018319 0.024425
1 0.301509 0.868822 0.016379 0.021552
1 0.155927 0.436351 0.016595 0.019828
1 0.281142 0.809770 0.017026 0.023563
1 0.414332 0.869684 0.012716 0.016379
1 0.361422 0.151006 0.017241 0.020402
1 0.203341 0.162931 0.016595 0.021264
1 0.240625 0.302874 0.019181 0.024713
1 0.403233 0.437213 0.018103 0.024425
1 0.228448 0.689511 0.016810 0.022126
1 0.873491 0.493103 0.015948 0.019540
1 0.159483 0.840805 0.015086 0.019540
1 0.154310 0.858764 0.012500 0.016379
1 0.780496 0.402299 0.015733 0.018966
1 0.887931 0.370259 0.013362 0.016954
1 0.815733 0.708764 0.017241 0.020977
1 0.133513 0.968966 0.014440 0.021839
1 0.421444 0.885489 0.013578 0.018678
1 0.236961 0.106897 0.017026 0.022414
1 0.307759 0.727155 0.014655 0.018678
1 0.618534 0.779885 0.012069 0.017241
1 0.398060 0.466523 0.017241 0.022126
1 0.044935 0.338362 0.014009 0.017529
1 0.289116 0.673420 0.017026 0.021552
1 0.916703 0.132184 0.013147 0.017241
1 0.261422 0.695402 0.015086 0.020115
1 0.802909 0.316667 0.016595 0.019540
1 0.311961 0.845402 0.021336 0.025862
1 0.518886 0.857759 0.011853 0.015517
1 0.197198 0.187787 0.014224 0.018103
1 0.992457 0.113793 0.014224 0.019540
1 0.321121 0.826868 0.014224 0.016954
1 0.420474 0.476868 0.018966 0.024425
1 0.232435 0.717672 0.014440 0.018103
1 0.343750 0.803879 0.015086 0.019253
1 0.977263 0.419828 0.014440 0.018391
1 0.765194 0.549282 0.014009 0.016954
1 0.611638 0.760057 0.013362 0.017816
1 0.183405 0.137213 0.018534 0.023276
1 0.147629 0.505460 0.015517 0.018966
1 0.406250 0.883333 0.013793 0.016667
1 0.124138 0.850431 0.013793 0.019828
1 0.983513 0.437213 0.014009 0.018678
1 0.295259 0.638793 0.019397 0.024138
1 0.901616 0.170690 0.015302 0.020115
1 0.343427 0.947989 0.016164 0.021839
1 0.366272 0.044828 0.017888 0.021839
1 0.205603 0.461638 0.018103 0.023276
1 0.825539 0.151293 0.015733 0.020402
2 0.857013 0.370891 0.017457 0.023563
1 0.899461 0.380316 0.014009 0.018103
1 0.603879 0.812787 0.014224 0.018678
1 0.420043 0.982902 0.015086 0.019828
1 0.366810 0.204454 0.014655 0.019253
1 0.423815 0.437213 0.017457 0.022126
1 0.221659 0.497701 0.018319 0.022989
1 0.370905 0.858764 0.015517 0.021552
1 0.169828 0.514655 0.016379 0.021839
1 0.415948 0.453305 0.017241 0.022126
1 0.434052 0.769109 0.016379 0.022126
1 0.325862 0.256466 0.016810 0.020977
1 0.265625 0.356322 0.016595 0.022414
1 0.624569 0.472845 0.017672 0.023276
1 0.314116 0.741092 0.012284 0.016092
1 0.771228 0.383621 0.014440 0.017816
1 0.384698 0.503161 0.015086 0.020115
1 0.621121 0.804598 0.014224 0.019540
1 0.320474 0.471264 0.018103 0.021839
1 0.287069 0.738075 0.018966 0.023276
1 0.455496 0.477443 0.017457 0.023851
1 0.746121 0.535057 0.017241 0.021264
1 0.167780 0.786351 0.012284 0.016379
1 0.303556 0.585201 0.016595 0.021552
1 0.131466 0.424856 0.016379 0.021552
1 0.203448 0.140374 0.016810 0.020402
1 0.082004 0.397414 0.014009 0.016667
1 0.376078 0.570259 0.013362 0.018103
1 0.073491 0.416236 0.011638 0.014655
1 0.297953 0.900144 0.013578 0.018678
1 0.791703 0.337644 0.016595 0.022414
1 0.383728 0.837069 0.016164 0.021839
1 0.377909 0.105172 0.016164 0.018966
1 0.511825 0.845549 0.011825 0.015517
1 0.499619 0.805557 0.010869 0.014267
1 0.485151 0.806991 0.010869 0.014267
1 0.499390 0.778934 0.012489 0.016069
1 0.488231 0.768891 0.012489 0.016069
