2 0.904642 0.448578 0.014851 0.022727
2 0.682004 0.345546 0.013147 0.017241
2 0.667672 0.346264 0.013362 0.014655
2 0.771336 0.556178 0.015517 0.021264
2 0.778448 0.530460 0.013362 0.022126
2 0.584806 0.339655 0.014009 0.014655
2 0.562989 0.356862 0.016778 0.025440
2 0.607543 0.369253 0.012500 0.022126
2 0.592196 0.369848 0.018390 0.025756
2 0.575246 0.378503 0.012006 0.018784
2 0.605065 0.337644 0.010560 0.018678
2 0.619321 0.350287 0.013082 0.022701
2 0.536422 0.441092 0.015517 0.018678
2 0.547629 0.423132 0.012931 0.020115
2 0.008728 0.973851 0.013578 0.017816
1 0.359267 0.746264 0.022414 0.029885
1 0.323599 0.892241 0.018319 0.024138
1 0.341703 0.593822 0.017888 0.024425
2 0.669722 0.325144 0.015308 0.019828
2 0.904741 0.406221 0.011638 0.015805
1 0.854634 0.116523 0.012284 0.016954
1 0.337823 0.908764 0.020043 0.026724
2 0.923060 0.407902 0.010345 0.014655
1 0.445582 0.844109 0.010560 0.014655
1 0.426078 0.921552 0.018103 0.027586
0 0.381034 0.324713 0.015517 0.020115
2 0.919278 0.448284 0.011987 0.020925
1 0.280711 0.474713 0.020474 0.024713
1 0.350216 0.942098 0.018966 0.025000
1 0.503341 0.938506 0.015733 0.021264
1 0.327586 0.742529 0.018534 0.024138
1 0.260237 0.477586 0.014871 0.021839
1 0.525000 0.704310 0.024569 0.033908
1 0.355388 0.583046 0.015517 0.021839
1 0.267349 0.521552 0.014009 0.019540
1 0.897737 0.845977 0.015733 0.021839
1 0.306573 0.826006 0.014871 0.019828
1 0.302478 0.943966 0.018319 0.024138
1 0.392780 0.820833 0.016595 0.022701
1 0.220474 0.707184 0.019397 0.025862
1 0.353772 0.798994 0.018750 0.025000
1 0.478879 0.228879 0.017672 0.025000
1 0.356358 0.660776 0.020905 0.028448
1 0.319935 0.518534 0.018319 0.024425
1 0.328125 0.946552 0.021336 0.028736
1 0.379526 0.804167 0.020259 0.026149
1 0.338039 0.929167 0.012716 0.016379
1 0.432004 0.852874 0.014440 0.020690
1 0.542134 0.713649 0.019181 0.025575
1 0.348922 0.819971 0.015948 0.020977
1 0.584159 0.201006 0.021767 0.029023
1 0.335884 0.662356 0.017457 0.023563
1 0.397091 0.956609 0.015733 0.020115
2 0.765194 0.555747 0.007112 0.010345
1 0.458297 0.228305 0.017888 0.025575
1 0.363470 0.562069 0.019612 0.025287
2 0.560453 0.207759 0.011853 0.017241
2 0.995690 0.606897 0.008190 0.015517
1 0.227478 0.298563 0.014871 0.019540
1 0.375108 0.953879 0.014871 0.019253
1 0.107543 0.914080 0.018103 0.024138
1 0.277478 0.431753 0.017888 0.023276
1 0.233621 0.752011 0.012500 0.016667
1 0.704203 0.854741 0.016164 0.020977
1 0.422845 0.121121 0.015517 0.020402
1 0.252478 0.553879 0.014440 0.019828
1 0.663685 0.180172 0.015302 0.021264
1 0.276185 0.454454 0.016164 0.019828
0 0.551940 0.765086 0.013793 0.018678
1 0.473707 0.499282 0.019397 0.024425
1 0.849892 0.097989 0.013147 0.017816
1 0.501832 0.917385 0.013147 0.019253
2 0.914528 0.412362 0.011435 0.016417
1 0.609591 0.855603 0.016164 0.022126
1 0.384159 0.845259 0.020905 0.027299
1 0.285129 0.211925 0.021983 0.029023
1 0.381250 0.299138 0.017241 0.025287
1 0.328017 0.814368 0.017672 0.022414
1 0.302263 0.584914 0.014440 0.018678
1 0.494073 0.499713 0.013147 0.018391
0 0.396336 0.801293 0.015086 0.019828
1 0.406897 0.270402 0.019397 0.025287
1 0.343750 0.571695 0.012069 0.016954
2 0.915841 0.397270 0.010560 0.013506
1 0.903125 0.613218 0.015733 0.020690
1 0.131897 0.585489 0.017672 0.023276
1 0.851401 0.201149 0.013578 0.018966
1 0.369181 0.910632 0.015086 0.021264
1 0.330388 0.581609 0.015517 0.019540
1 0.321228 0.621983 0.014871 0.019253
1 0.372414 0.863362 0.018966 0.023851
1 0.587284 0.157328 0.017241 0.024425
1 0.333082 0.611351 0.013147 0.019253
1 0.868966 0.309339 0.015517 0.021552
1 0.295582 0.993966 0.018750 0.012069
1 0.411746 0.309626 0.017026 0.021552
2 0.031573 0.963506 0.011853 0.017816
0 0.480388 0.526293 0.019397 0.026149
0 0.497845 0.672845 0.012931 0.018678
1 0.340733 0.889943 0.013793 0.018966
1 0.333405 0.631609 0.014224 0.018391
1 0.510453 0.537644 0.020043 0.027011
1 0.347522 0.351724 0.016164 0.021264
1 0.506250 0.793534 0.013793 0.018103
2 0.639332 0.324282 0.010991 0.014655
1 0.303556 0.363075 0.011853 0.016379
2 0.765310 0.502250 0.017763 0.025523
0 0.770397 0.892974 0.015487 0.021773
0 0.766194 0.865460 0.011866 0.016195
1 0.193825 0.737006 0.015672 0.020405
1 0.207700 0.742468 0.012547 0.018592
1 0.172453 0.685552 0.014095 0.016497
1 0.176483 0.668489 0.012599 0.016675
1 0.190912 0.683391 0.011315 0.013152
1 0.180875 0.707011 0.011093 0.015305
1 0.116528 0.678805 0.015457 0.016721
1 0.134782 0.612302 0.013739 0.016043
1 0.160063 0.655129 0.010631 0.014460
1 0.178524 0.650109 0.013739 0.019124
1 0.163675 0.671899 0.009772 0.013695
1 0.267513 0.827517 0.014550 0.020095
1 0.270282 0.800606 0.014207 0.019204
1 0.283345 0.775009 0.012399 0.018977
1 0.132360 0.932060 0.012795 0.017023
1 0.083903 0.910210 0.015791 0.022739
1 0.101511 0.894546 0.017166 0.021491
1 0.218041 0.897417 0.010116 0.014339
1 0.190534 0.900103 0.010431 0.013270
1 0.202593 0.883497 0.010914 0.013721
1 0.201254 0.983842 0.014681 0.013871
2 0.006640 0.950684 0.013280 0.018802
2 0.007582 0.917681 0.013313 0.020736
0 0.187506 0.109520 0.014534 0.018609
0 0.213472 0.120603 0.017106 0.026813
2 0.495836 0.057221 0.014244 0.016963
1 0.236558 0.470730 0.017847 0.022388
1 0.235722 0.436922 0.016927 0.022000
