2 0.838317 0.385474 0.019563 0.026264
2 0.829657 0.411649 0.015948 0.023402
2 0.848384 0.426437 0.017026 0.025575
2 0.509366 0.188399 0.018733 0.022491
2 0.494504 0.152874 0.016164 0.015230
2 0.494073 0.170115 0.017026 0.018103
1 0.165625 0.433333 0.017457 0.025575
1 0.182435 0.387644 0.021336 0.028736
1 0.186961 0.358190 0.021767 0.024713
1 0.301401 0.603305 0.021983 0.033621
1 0.159483 0.524425 0.018750 0.026149
1 0.144073 0.537069 0.020259 0.024425
0 0.062931 0.500575 0.019612 0.025575
0 0.098599 0.541236 0.019397 0.026724
0 0.412608 0.644971 0.018966 0.023851
0 0.395043 0.655747 0.017672 0.022126
0 0.523922 0.314080 0.018319 0.028736
0 0.089547 0.508190 0.020043 0.021264
0 0.279849 0.580747 0.014655 0.030172
1 0.706250 0.448276 0.019397 0.025862
1 0.429310 0.537644 0.018534 0.025862
1 0.439116 0.514943 0.015302 0.021264
1 0.536853 0.385632 0.022845 0.029885
1 0.448707 0.537213 0.018534 0.025575
0 0.279634 0.576868 0.014009 0.019828
1 0.365841 0.717241 0.020474 0.027586
1 0.220797 0.404310 0.018319 0.025862
1 0.948815 0.192672 0.010560 0.014655
1 0.338147 0.385489 0.020690 0.026149
1 0.350647 0.169397 0.019397 0.025575
1 0.204741 0.402299 0.014224 0.019540
1 0.190841 0.356322 0.014009 0.016092
1 0.557651 0.364511 0.016164 0.020977
0 0.473060 0.127730 0.020259 0.027299
1 0.644828 0.562787 0.022414 0.030747
0 0.315517 0.776293 0.019828 0.024425
1 0.146552 0.598132 0.021121 0.026149
1 0.118642 0.517672 0.009267 0.014080
0 0.452586 0.646264 0.012931 0.017241
1 0.850647 0.453448 0.014655 0.020115
1 0.352586 0.262356 0.014224 0.020115
1 0.887716 0.837644 0.015517 0.023563
1 0.050000 0.389655 0.016810 0.021839
1 0.484914 0.329310 0.015517 0.021839
0 0.842134 0.686782 0.014871 0.020690
1 0.722629 0.455172 0.017241 0.022414
1 0.654741 0.397845 0.014655 0.020402
1 0.208405 0.366092 0.014655 0.019540
1 0.210237 0.342529 0.014440 0.018391
1 0.422522 0.496121 0.013578 0.016954
1 0.534483 0.341810 0.011638 0.015230
1 0.464655 0.549138 0.019397 0.025287
1 0.324461 0.476437 0.013147 0.017816
1 0.441595 0.491236 0.012500 0.015805
1 0.354526 0.368822 0.012931 0.015805
1 0.288901 0.498994 0.012284 0.016954
1 0.561961 0.320115 0.014009 0.017241
1 0.468103 0.632902 0.018103 0.025000
1 0.006466 0.381753 0.012931 0.025575
1 0.440302 0.406322 0.018534 0.022989
1 0.129957 0.517960 0.010345 0.013506
1 0.520043 0.479454 0.017672 0.023276
1 0.217134 0.534052 0.017026 0.020977
1 0.780603 0.439511 0.020259 0.025575
1 0.887500 0.160489 0.009914 0.012931
1 0.608405 0.353592 0.014655 0.022126
1 0.461853 0.517529 0.012069 0.017241
1 0.683082 0.420546 0.015302 0.022126
1 0.337284 0.430460 0.012069 0.014943
0 0.574569 0.346264 0.012500 0.016667
1 0.456681 0.491667 0.012069 0.016092
1 0.722522 0.039511 0.012716 0.016954
0 0.484267 0.619253 0.014224 0.017241
1 0.421659 0.676724 0.012716 0.016667
1 0.220366 0.285776 0.017026 0.021552
1 0.925539 0.796983 0.016164 0.023851
1 0.313147 0.459483 0.011207 0.014368
1 0.848491 0.476868 0.024569 0.031322
1 0.400000 0.309626 0.012069 0.016379
1 0.664763 0.498707 0.014009 0.018678
1 0.676293 0.033046 0.012069 0.016667
1 0.536422 0.108908 0.017241 0.024713
1 0.740086 0.478592 0.021552 0.031322
0 0.479634 0.537931 0.018319 0.022414
1 0.308836 0.410201 0.012500 0.015805
2 0.824364 0.369411 0.018235 0.024945
