1 0.353987 0.541954 0.017457 0.026724
1 0.358621 0.586207 0.012069 0.019828
1 0.341595 0.572845 0.015086 0.020115
1 0.333621 0.539943 0.017241 0.026724
1 0.342672 0.509339 0.015948 0.028161
1 0.324030 0.506322 0.017026 0.023276
1 0.368427 0.514655 0.014440 0.022701
1 0.381466 0.557184 0.016379 0.019253
1 0.354957 0.652874 0.012500 0.022701
1 0.371659 0.665661 0.014009 0.029310
1 0.347845 0.683764 0.015517 0.024138
1 0.267394 0.556445 0.017006 0.028448
1 0.258405 0.529741 0.015948 0.020690
1 0.288039 0.580460 0.010991 0.018103
1 0.296013 0.558764 0.013147 0.016092
1 0.165194 0.530029 0.016164 0.020115
1 0.143103 0.525718 0.015086 0.023563
1 0.187500 0.550718 0.014655 0.020115
1 0.346659 0.415661 0.011853 0.020115
1 0.358190 0.455891 0.017241 0.021264
1 0.358190 0.486494 0.015086 0.018678
1 0.331142 0.480316 0.017026 0.020690
1 0.402300 0.466624 0.017390 0.025491
1 0.407112 0.440805 0.015517 0.023276
1 0.401670 0.410345 0.018209 0.022701
1 0.378987 0.459195 0.014440 0.021552
1 0.381897 0.424713 0.015517 0.023276
1 0.428341 0.408477 0.014871 0.020115
1 0.427586 0.453448 0.012500 0.022126
1 0.485991 0.482902 0.015948 0.023563
1 0.514009 0.522989 0.015086 0.019253
1 0.497306 0.534339 0.013578 0.020690
1 0.494181 0.508908 0.015517 0.018103
1 0.514763 0.497270 0.016595 0.020115
1 0.514332 0.473563 0.014440 0.014080
1 0.466918 0.469684 0.013147 0.024713
1 0.374246 0.304167 0.014871 0.018966
1 0.402802 0.296839 0.014224 0.018678
1 0.391272 0.324856 0.016164 0.024138
1 0.275431 0.416810 0.015086 0.023563
1 0.263022 0.440517 0.017063 0.023851
1 0.241403 0.417437 0.017192 0.021945
1 0.222399 0.359284 0.015017 0.020836
1 0.243427 0.352299 0.011853 0.019828
1 0.270905 0.373563 0.015086 0.022701
1 0.211099 0.597126 0.016595 0.014080
1 0.255172 0.631322 0.012500 0.015230
1 0.240625 0.659770 0.014440 0.018678
1 0.137823 0.594971 0.013578 0.020115
1 0.186315 0.516379 0.014009 0.019253
1 0.150970 0.311782 0.017457 0.019253
1 0.147414 0.286063 0.015517 0.024138
1 0.145582 0.257040 0.017026 0.023563
1 0.120151 0.295402 0.013147 0.018678
1 0.128556 0.314511 0.014009 0.017816
1 0.094397 0.438218 0.018534 0.018103
1 0.048168 0.314224 0.014440 0.020115
1 0.198276 0.245690 0.015086 0.019253
1 0.173815 0.224282 0.014009 0.021839
1 0.134914 0.353017 0.011638 0.020115
1 0.316918 0.172845 0.013578 0.016667
1 0.329418 0.163506 0.013578 0.020977
1 0.330388 0.215517 0.015517 0.022126
1 0.318103 0.241092 0.015086 0.022126
1 0.335129 0.236782 0.015086 0.018678
1 0.311853 0.215374 0.017672 0.020115
1 0.268642 0.090374 0.013578 0.020115
1 0.286315 0.117098 0.017457 0.020115
1 0.288254 0.089655 0.014440 0.018678
0 0.308621 0.119109 0.012931 0.020115
1 0.204095 0.088218 0.011638 0.018678
1 0.223599 0.090374 0.012716 0.016092
1 0.221552 0.067672 0.009483 0.017241
1 0.591703 0.035920 0.016164 0.023276
1 0.613254 0.040805 0.016164 0.022701
1 0.637392 0.053161 0.010129 0.022126
1 0.611315 0.097414 0.019181 0.023276
1 0.645582 0.094684 0.014440 0.019540
1 0.684914 0.110776 0.015948 0.016667
1 0.678448 0.142816 0.012931 0.019253
1 0.694720 0.161207 0.014440 0.018678
1 0.720582 0.133046 0.017026 0.022701
1 0.738039 0.158477 0.014009 0.022989
1 0.717565 0.162787 0.014871 0.020690
1 0.756358 0.138793 0.014440 0.019253
1 0.738362 0.121121 0.013362 0.020115
1 0.774677 0.128448 0.014009 0.018678
1 0.764655 0.161925 0.009914 0.020115
1 0.781034 0.166092 0.012500 0.022126
1 0.730819 0.250287 0.017672 0.026149
1 0.754418 0.268822 0.016595 0.028161
1 0.741703 0.290374 0.017026 0.020690
1 0.754418 0.232328 0.016595 0.024713
1 0.730280 0.218678 0.016595 0.026724
1 0.614116 0.249282 0.013578 0.020115
1 0.592457 0.194828 0.014655 0.019253
1 0.588039 0.243678 0.017457 0.022126
1 0.641905 0.870497 0.013983 0.017721
1 0.662315 0.852716 0.015582 0.020583
1 0.639722 0.847126 0.015517 0.026149
1 0.694828 0.827443 0.012500 0.016092
1 0.595043 0.594253 0.012500 0.018678
1 0.603987 0.618678 0.013578 0.022126
1 0.622091 0.601293 0.011422 0.020690
1 0.630388 0.630603 0.015948 0.019540
1 0.621336 0.850862 0.012931 0.013506
1 0.621013 0.874569 0.010560 0.019540
1 0.676724 0.825431 0.012500 0.017241
1 0.302371 0.805747 0.014655 0.019540
1 0.295582 0.822557 0.017457 0.022701
1 0.313147 0.818247 0.016379 0.022701
1 0.267996 0.609770 0.018750 0.022414
1 0.457435 0.583333 0.016164 0.021839
1 0.631466 0.628736 0.013362 0.017241
1 0.136530 0.071264 0.013578 0.018391
1 0.064438 0.438190 0.021522 0.027261
1 0.224610 0.381802 0.024438 0.025095
1 0.992241 0.207759 0.013793 0.017816
1 0.370366 0.930891 0.017026 0.022701
1 0.331034 0.832759 0.018103 0.023563
0 0.605927 0.570259 0.010129 0.013506
1 0.618750 0.601580 0.012931 0.019253
1 0.521767 0.090661 0.011207 0.015805
1 0.581573 0.158621 0.014009 0.018966
1 0.461638 0.416954 0.012500 0.016092
1 0.820366 0.360632 0.012716 0.017241
1 0.140733 0.018103 0.009483 0.013218
1 0.263578 0.920259 0.012500 0.016954
0 0.993103 0.183589 0.013793 0.024641
0 0.969593 0.194264 0.011112 0.020638
0 0.961168 0.188023 0.012720 0.018790
0 0.940541 0.176994 0.013065 0.020595
0 0.931892 0.096773 0.016131 0.021796
0 0.934235 0.073580 0.014539 0.017851
0 0.168179 0.311029 0.014239 0.018103
0 0.852987 0.513147 0.015509 0.023282
0 0.799888 0.317624 0.016621 0.021701
0 0.802131 0.298644 0.014015 0.018603
0 0.819856 0.283891 0.016276 0.017943
1 0.180793 0.878092 0.012500 0.016954
1 0.055030 0.712460 0.015519 0.019707
1 0.054752 0.739330 0.013353 0.018299
1 0.064968 0.762572 0.015522 0.017509
1 0.075119 0.778586 0.017019 0.018741
1 0.086573 0.800477 0.014683 0.019555
1 0.112737 0.804328 0.014907 0.017940
1 0.112093 0.821894 0.014692 0.018695
1 0.102524 0.771934 0.014356 0.020483
