1 0.105078 0.400974 0.013539 0.020523
1 0.111552 0.426586 0.012892 0.019221
1 0.072414 0.478305 0.012069 0.016667
1 0.062392 0.513362 0.010991 0.016092
1 0.088254 0.466954 0.011422 0.015230
1 0.121112 0.501451 0.015591 0.020431
1 0.165731 0.465897 0.016444 0.021526
1 0.167284 0.540293 0.011931 0.017546
1 0.183728 0.548132 0.010991 0.017241
1 0.365116 0.339388 0.013688 0.018888
1 0.205034 0.080316 0.012716 0.014943
1 0.433836 0.201580 0.015086 0.021839
1 0.443379 0.180109 0.016256 0.022000
1 0.437463 0.235578 0.016894 0.024253
1 0.332330 0.206103 0.011853 0.015615
1 0.319453 0.205253 0.013651 0.018563
1 0.362190 0.175491 0.013828 0.017675
1 0.516140 0.182534 0.016634 0.019730
1 0.523683 0.202716 0.018356 0.021802
1 0.549353 0.160776 0.012500 0.015517
1 0.554957 0.129741 0.012500 0.017241
1 0.572737 0.157471 0.014009 0.016954
1 0.592241 0.141379 0.009914 0.015230
1 0.589224 0.082040 0.012069 0.016667
1 0.631142 0.107759 0.013578 0.018678
1 0.624601 0.075190 0.018491 0.023888
1 0.587069 0.111638 0.012500 0.016092
1 0.616491 0.048721 0.016578 0.019805
1 0.644828 0.077874 0.009914 0.014080
1 0.638567 0.049523 0.014707 0.022897
1 0.364871 0.101437 0.015517 0.022126
1 0.729793 0.346170 0.013437 0.017537
1 0.730386 0.375833 0.015948 0.018103
1 0.754588 0.378721 0.013011 0.018075
1 0.745631 0.355486 0.013246 0.018155
1 0.653504 0.300078 0.015349 0.020055
1 0.845797 0.683764 0.010991 0.021264
1 0.827263 0.260345 0.010129 0.014080
1 0.621599 0.339063 0.013573 0.019239
1 0.378987 0.605172 0.012716 0.018103
1 0.346659 0.638937 0.011853 0.013218
1 0.374461 0.628017 0.012716 0.012644
1 0.248707 0.525287 0.012500 0.014655
1 0.200815 0.461224 0.016534 0.021086
1 0.642991 0.673727 0.012894 0.016195
1 0.676724 0.639943 0.011638 0.018103
1 0.658179 0.635241 0.016252 0.019057
1 0.188526 0.339224 0.011739 0.017816
1 0.203879 0.196839 0.009052 0.018103
1 0.224769 0.091779 0.014713 0.020210
1 0.222845 0.124075 0.012026 0.018986
1 0.902489 0.554517 0.017006 0.021966
1 0.856681 0.531322 0.015517 0.018678
1 0.187295 0.445761 0.015970 0.021124
1 0.373491 0.125144 0.019397 0.025000
1 0.608405 0.579023 0.017672 0.023563
1 0.341608 0.221799 0.012364 0.016931
1 0.363470 0.377874 0.015302 0.017816
1 0.137392 0.491667 0.015302 0.020115
1 0.368427 0.360776 0.014871 0.018103
1 0.538362 0.652299 0.020259 0.027586
1 0.304849 0.490374 0.014009 0.018103
1 0.612608 0.322414 0.017026 0.022414
1 0.637069 0.870259 0.017241 0.023851
1 0.632759 0.658764 0.014224 0.017529
1 0.117134 0.449138 0.014009 0.017816
1 0.379985 0.199986 0.016360 0.020434
1 0.310022 0.513075 0.013147 0.017529
1 0.644828 0.612787 0.013793 0.016954
1 0.184787 0.477175 0.018103 0.023563
1 0.327834 0.223095 0.014289 0.020328
1 0.769397 0.661351 0.011207 0.014655
1 0.295582 0.520977 0.015733 0.021839
1 0.423060 0.245546 0.015948 0.019828
1 0.355259 0.220917 0.014287 0.019273
1 0.407112 0.858621 0.011638 0.015517
1 0.885991 0.291236 0.013362 0.018103
1 0.414978 0.843247 0.011853 0.017529
1 0.397198 0.831466 0.012069 0.016379
1 0.264009 0.876868 0.015086 0.017529
1 0.635453 0.629454 0.013578 0.018678
1 0.300862 0.568678 0.016379 0.021839
1 0.417026 0.822701 0.010776 0.014943
1 0.074569 0.504598 0.014224 0.018391
1 0.661961 0.351006 0.012284 0.016379
1 0.382866 0.360632 0.014871 0.021264
1 0.458728 0.815230 0.014871 0.021839
1 0.460453 0.861782 0.013147 0.017816
1 0.417241 0.262356 0.015948 0.021839
1 0.543211 0.627730 0.017026 0.022701
1 0.783621 0.678017 0.010776 0.014655
1 0.273384 0.446839 0.013578 0.017816
1 0.113254 0.011063 0.018750 0.022126
1 0.362177 0.393966 0.012716 0.017241
1 0.792134 0.605891 0.014440 0.018678
1 0.612500 0.242098 0.014655 0.018678
1 0.418427 0.864511 0.011853 0.016954
1 0.885022 0.559052 0.015302 0.019828
1 0.350431 0.356466 0.014224 0.018678
1 0.490625 0.303592 0.012284 0.016954
0 0.055388 0.794253 0.012069 0.016092
1 0.911961 0.619253 0.016595 0.022989
1 0.274461 0.405316 0.019612 0.024425
1 0.241595 0.850144 0.014655 0.018103
1 0.097198 0.020115 0.015086 0.020690
1 0.327155 0.641523 0.012500 0.016954
1 0.199138 0.489511 0.016379 0.020977
1 0.471983 0.854023 0.012931 0.017816
1 0.977909 0.157902 0.013578 0.017529
1 0.437716 0.565374 0.012931 0.017529
1 0.424280 0.284540 0.018966 0.025862
1 0.309052 0.471552 0.012931 0.016667
1 0.252478 0.895977 0.010991 0.014368
1 0.773599 0.672701 0.010560 0.014368
1 0.484267 0.845977 0.010776 0.014368
1 0.258728 0.865805 0.011853 0.015517
1 0.754849 0.698563 0.013147 0.017241
1 0.175539 0.519397 0.014440 0.018678
1 0.131897 0.419540 0.014224 0.019540
1 0.454095 0.835345 0.013362 0.020115
1 0.194720 0.223132 0.015733 0.019828
1 0.440086 0.589799 0.012069 0.016379
1 0.788039 0.250718 0.015733 0.019828
1 0.371228 0.147270 0.016164 0.021552
1 0.083405 0.534339 0.014655 0.019253
1 0.483190 0.315374 0.013362 0.018678
1 0.504203 0.541523 0.011853 0.017529
0 0.052909 0.809770 0.011422 0.015517
1 0.325000 0.487931 0.013793 0.018391
1 0.132220 0.451868 0.013578 0.017529
1 0.529741 0.555172 0.016379 0.021264
1 0.346241 0.595897 0.012284 0.016954
1 0.646767 0.280029 0.013362 0.017529
1 0.373168 0.968534 0.012716 0.018678
1 0.627047 0.571695 0.016595 0.020977
0 0.170946 0.833621 0.015302 0.019540
1 0.350647 0.334483 0.014224 0.018966
1 0.256358 0.447989 0.014871 0.018966
1 0.651078 0.356466 0.011207 0.015230
1 0.158190 0.520546 0.015517 0.019828
1 0.921121 0.579598 0.015517 0.020690
1 0.349784 0.795259 0.015086 0.019253
1 0.449461 0.586925 0.012284 0.016379
1 0.118534 0.470833 0.015086 0.019828
1 0.991918 0.145402 0.012284 0.016667
1 0.448168 0.571264 0.012284 0.016667
1 0.628125 0.642385 0.011853 0.015805
1 0.559698 0.613937 0.014224 0.018678
1 0.196360 0.063954 0.012716 0.014943
1 0.605323 0.079342 0.015884 0.022115
1 0.605597 0.058394 0.014696 0.020293
1 0.206909 0.343506 0.011739 0.017816
1 0.208022 0.316468 0.013832 0.017578
