1 0.343175 0.207253 0.018183 0.025026
1 0.344433 0.229971 0.018750 0.021149
1 0.340222 0.252213 0.021599 0.019264
1 0.359698 0.178161 0.014224 0.018103
1 0.350970 0.510345 0.011422 0.019253
1 0.344181 0.533764 0.012931 0.011494
1 0.313793 0.543391 0.011638 0.011782
1 0.267457 0.367830 0.016603 0.020957
1 0.049677 0.285776 0.016595 0.020690
1 0.046532 0.261658 0.021765 0.026049
1 0.073207 0.281463 0.018741 0.024144
1 0.078987 0.364943 0.013147 0.017529
1 0.090994 0.305454 0.019091 0.024756
1 0.300539 0.727874 0.019181 0.017529
1 0.277802 0.727155 0.012500 0.016092
1 0.280496 0.747557 0.011853 0.013793
1 0.301293 0.749569 0.012500 0.011494
1 0.312069 0.770833 0.009914 0.016667
1 0.321767 0.743247 0.015517 0.017241
1 0.324353 0.717529 0.011638 0.015230
1 0.346108 0.919761 0.016754 0.021443
1 0.332071 0.892770 0.019838 0.024368
1 0.549569 0.060201 0.015086 0.017241
1 0.507974 0.047557 0.012069 0.016092
1 0.517349 0.017098 0.013578 0.016667
1 0.823815 0.629598 0.016164 0.018678
1 0.826812 0.499149 0.016205 0.022466
1 0.942789 0.456460 0.018756 0.026707
1 0.659944 0.205115 0.017302 0.027759
1 0.617565 0.202874 0.014440 0.019253
1 0.675401 0.154009 0.019297 0.020374
1 0.755666 0.247420 0.016138 0.023580
1 0.758463 0.212664 0.015655 0.016417
1 0.773853 0.220977 0.016517 0.016954
1 0.139440 0.082902 0.015517 0.021264
1 0.628017 0.089655 0.015517 0.018678
1 0.736853 0.121983 0.011638 0.016667
1 0.726616 0.141092 0.014009 0.017529
1 0.408621 0.077299 0.015517 0.018103
1 0.143858 0.196552 0.013578 0.018678
1 0.142672 0.164511 0.017241 0.017241
1 0.128125 0.195259 0.010991 0.014943
1 0.256034 0.401724 0.016810 0.023563
1 0.241595 0.440230 0.021121 0.027586
1 0.436099 0.797126 0.014009 0.018391
1 0.667996 0.533190 0.017888 0.023276
1 0.364116 0.770115 0.016595 0.022414
1 0.006897 0.376580 0.013793 0.023851
1 0.400216 0.101006 0.018966 0.025000
1 0.360237 0.026580 0.017457 0.022126
1 0.464332 0.781034 0.015302 0.021839
1 0.364978 0.203448 0.017457 0.022989
1 0.329849 0.914655 0.016164 0.021264
1 0.337931 0.270977 0.016810 0.020690
1 0.696444 0.800718 0.017026 0.022126
1 0.197198 0.831034 0.013793 0.017816
1 0.435022 0.849569 0.016164 0.020977
1 0.314871 0.876868 0.014655 0.019828
1 0.439009 0.814943 0.017241 0.021839
1 0.226293 0.425431 0.014224 0.017529
1 0.253233 0.352874 0.017672 0.023563
1 0.193966 0.806609 0.011638 0.014943
1 0.449461 0.790948 0.013578 0.020402
1 0.362500 0.231753 0.016379 0.022126
1 0.244612 0.478017 0.016379 0.022126
1 0.205819 0.797989 0.013362 0.016667
1 0.146013 0.319828 0.022198 0.027586
1 0.666056 0.177299 0.018319 0.022989
0 0.190769 0.782902 0.016164 0.020977
1 0.259698 0.457040 0.015948 0.020402
1 0.496336 0.477299 0.020259 0.025862
1 0.325000 0.224138 0.016379 0.021264
0 0.060776 0.448276 0.015948 0.020115
1 0.330065 0.047701 0.017026 0.024138
1 0.802263 0.606466 0.015302 0.019828
1 0.438254 0.777730 0.013147 0.016954
1 0.158728 0.232471 0.018750 0.023563
1 0.275539 0.393247 0.019612 0.022701
1 0.638254 0.559914 0.017026 0.021552
1 0.201293 0.936925 0.016810 0.021552
1 0.255280 0.661925 0.019612 0.025000
1 0.649892 0.578305 0.018750 0.025575
1 0.231034 0.658621 0.018103 0.022989
1 0.132435 0.294971 0.021767 0.028448
1 0.477694 0.234770 0.017888 0.023563
1 0.191056 0.917385 0.017026 0.022701
1 0.158297 0.293822 0.018319 0.021552
1 0.926078 0.463075 0.021121 0.027874
1 0.519504 0.542385 0.015302 0.020402
1 0.214978 0.381609 0.018319 0.024138
0 0.093750 0.679741 0.014224 0.018678
1 0.693211 0.709914 0.019612 0.024425
1 0.304095 0.901580 0.017241 0.022126
0 0.440302 0.028017 0.013362 0.017529
1 0.059698 0.752155 0.012931 0.017529
1 0.014547 0.408190 0.018319 0.022126
1 0.302047 0.792241 0.014009 0.019540
1 0.359806 0.983621 0.018319 0.025862
1 0.211207 0.811638 0.017241 0.021552
0 0.302694 0.425431 0.014871 0.018678
1 0.699030 0.777730 0.017457 0.021552
1 0.240302 0.389799 0.015517 0.019253
1 0.536961 0.535920 0.016595 0.021264
1 0.254634 0.510776 0.014440 0.018103
1 0.516487 0.464511 0.020474 0.027874
1 0.605711 0.436638 0.014871 0.018103
1 0.492241 0.443391 0.015517 0.021264
1 0.073815 0.319109 0.017026 0.021552
1 0.243211 0.075000 0.018319 0.023563
1 0.427909 0.765948 0.015733 0.020402
1 0.509698 0.443391 0.015948 0.020690
1 0.114655 0.743247 0.015517 0.018678
1 0.760453 0.910845 0.017026 0.022126
1 0.764560 0.938241 0.011668 0.018529
1 0.767813 0.957670 0.010711 0.016822
1 0.763780 0.977207 0.013138 0.016256
1 0.638782 0.926144 0.021664 0.025595
1 0.622664 0.903986 0.021509 0.032730
1 0.597759 0.896805 0.019612 0.030937
1 0.576172 0.889902 0.021216 0.026555
1 0.289362 0.549885 0.013121 0.016684
